3.796097 12.244736 5.994627 -0.234423 2.230476 3.262431 0.068488 1.692567 -0.362694 0.042525 -1.376762 0.769739 0.596345 -0.356153 0.986916 -0.977471 1.457860 0.628689 -0.332161 0.560098 -0.038435 0.115447 0.002193 -1.163050 0.489542 0.758882 1.064598 0.001896 -0.950532 -1.008480 0.852264 0.057215 1.457313 -0.621893 0.218438 0.117562 -0.983009 -0.553146 -0.648620 0.324793 1.000000
2.570048 13.591248 6.544979 -0.357531 1.945818 2.476213 -0.664777 1.965418 -0.690930 -0.696627 -1.316339 0.388915 1.005884 -0.159066 0.619192 -0.932763 1.246693 0.219656 -0.503631 0.195409 -0.317877 0.054475 -0.673149 -0.373370 0.973053 0.374318 0.866139 -0.488289 -1.051776 -1.394286 0.732281 -0.398231 1.102010 -0.207689 -0.001026 0.322791 -0.393576 -0.412595 -0.273900 0.344193 1.000000
2.503685 13.563128 6.351857 -0.381000 2.044562 2.533778 -0.594315 1.833757 -0.713332 -0.642364 -1.259241 0.299042 0.854285 -0.038062 0.705242 -0.826686 1.253946 0.223420 -0.603940 0.018071 -0.241664 0.144531 -0.713824 -0.163494 0.964936 0.439680 0.899639 -0.376936 -1.056808 -1.333927 1.143395 -0.493136 1.025612 -0.370737 0.046749 0.312839 -0.456905 -0.368089 -0.490238 0.324899 1.000000
6.287835 8.580648 4.536571 -3.574278 1.325197 1.849797 -0.167234 2.123583 -0.561399 0.110587 -1.624616 0.113537 0.519494 0.221853 0.224683 -0.970200 1.222710 0.083145 -0.377451 0.416527 0.191303 -0.152375 -0.174854 -0.901739 0.197358 0.509690 0.764644 -0.014212 -0.424332 -0.769061 0.959847 -0.561346 0.593607 -0.593954 0.054861 0.339478 -0.092624 -0.722846 -0.196292 0.012376 1.000000
3.723882 12.590027 8.154770 -0.465471 1.352377 3.040806 -0.131293 1.864721 0.616736 0.219880 -0.548489 0.956079 1.532942 -0.778499 0.904000 -1.447368 1.758584 -0.184889 -0.880613 0.545016 -0.178498 0.056925 -0.056338 -0.609090 0.410684 0.997393 0.981279 -0.286040 -1.230588 -0.765809 1.121230 -0.051702 1.288172 -0.399699 0.184755 0.292781 -0.401383 -0.474895 -0.082153 0.501663 1.000000
2.708780 13.506630 6.755554 -0.274339 2.294388 2.425611 -0.723554 1.963444 -0.724826 -0.755889 -1.504206 0.158527 1.059158 -0.092877 0.607665 -0.646923 1.254137 0.265007 -0.725574 0.036878 -0.521843 -0.022701 -0.473102 -0.469987 0.577208 0.379558 0.838346 -0.191110 -1.132641 -1.646803 0.497073 -0.447382 1.151276 -0.155627 0.214908 0.407580 -0.477985 -0.358464 -0.218771 0.275668 1.000000
-2.150304 7.213610 3.024464 2.282503 1.066220 1.858816 0.183067 0.645557 0.011548 -0.409363 -0.875087 0.433204 0.810669 -0.135458 0.460721 -0.804470 0.886716 0.030708 -0.309852 0.413192 -0.523736 0.287106 -0.423981 -0.036349 0.548944 0.285884 0.327851 -0.101794 -1.023917 -0.939230 0.568030 -0.122447 1.137071 0.104785 -0.311473 0.209885 -0.633979 -0.241402 -0.456840 0.227192 1.000000
2.667932 13.566712 6.595408 -0.278144 2.074389 2.525906 -0.637596 1.923786 -0.612919 -0.644139 -1.451703 0.213581 0.855709 -0.177351 0.567674 -0.967439 1.414546 0.225849 -0.727439 0.062648 -0.460291 0.026961 -0.535701 -0.332052 0.823433 0.386014 0.922749 -0.421055 -1.058686 -1.296207 0.590543 -0.329014 1.206862 -0.047658 0.276336 0.316153 -0.439662 -0.522946 -0.225728 0.222279 1.000000
2.875399 13.383274 6.786478 -0.241534 2.182966 2.639920 -0.471253 1.965327 -0.553406 -0.692666 -1.426778 0.220712 0.866360 -0.205845 0.647961 -0.808775 1.307662 0.304099 -0.680656 0.172273 -0.341036 0.100402 -0.556203 -0.258270 0.876232 0.517260 0.907459 -0.439319 -0.961383 -1.337229 0.771040 -0.329006 1.174617 -0.310504 0.226221 0.350179 -0.496266 -0.336981 -0.300433 0.353901 1.000000
3.169588 13.177936 7.186737 -0.085292 2.102484 2.572057 -0.437080 1.610852 -0.617855 -0.546887 -1.454312 0.222890 0.940578 -0.049262 0.527824 -0.403400 1.049034 0.313237 -0.663021 0.343812 -0.415117 -0.080575 -0.411471 -0.508251 0.372906 0.494068 0.727083 -0.050168 -1.114830 -1.726222 0.500521 -0.681642 1.337223 -0.542928 0.277267 0.632154 -0.344112 -0.125613 -0.560280 0.497842 1.000000
3.136479 13.174454 7.017353 -0.208187 2.007789 2.830356 -0.277435 1.873587 -0.391369 -0.544660 -1.287358 0.315892 0.820751 -0.322913 0.607989 -0.903486 1.306201 0.311472 -0.635512 0.325863 -0.153318 0.096432 -0.579369 -0.193537 1.056146 0.685788 0.858833 -0.404358 -0.716410 -1.209109 0.987080 -0.328642 1.263898 -0.495416 0.170811 0.359280 -0.587338 -0.205699 -0.416665 0.452102 1.000000
4.291215 12.288363 7.865264 0.379854 2.101580 2.708893 0.976914 1.796647 0.533085 1.151084 -0.633267 1.188538 0.760369 -0.428791 0.684716 -1.534786 1.088135 -0.357586 -0.890211 0.454081 -0.164317 -0.134398 -0.143783 -1.102304 0.095142 0.481664 1.041568 0.008507 -1.150965 -1.347996 0.929855 -0.381752 1.025952 -0.063967 -0.015534 0.155353 -0.461778 -0.397856 -0.257346 0.394997 2.000000
4.421397 12.310597 6.034414 0.271549 1.538300 2.070427 -0.197224 0.842563 -0.749646 0.307288 -0.848994 1.052729 -0.105211 -0.105892 -0.211917 -1.245134 1.446564 -0.027716 -0.821745 0.763020 0.073159 0.337520 -0.650798 -0.095024 0.790077 0.040220 0.632422 -0.336436 -1.053715 -1.218738 0.814595 -0.653780 1.520212 -0.319346 0.018770 0.498604 -0.476127 -0.417175 -0.390234 0.160361 2.000000
5.264584 11.340380 7.130603 -0.013965 1.595495 2.118733 0.442419 0.697620 0.084510 1.224053 -0.325217 1.344668 0.437184 -0.378814 0.550712 -1.134322 0.997855 -0.299398 -1.074197 0.393532 0.063587 0.157710 -0.621178 -0.574490 0.574295 0.217895 1.075664 -0.088383 -1.157972 -1.356926 0.858621 -0.683511 0.935563 -0.331690 0.246452 0.298815 -0.431574 -0.215732 -0.483689 0.258780 2.000000
6.778590 8.996970 6.530803 -2.585555 0.636024 1.844180 0.175853 2.235485 0.307257 0.616672 -0.450607 0.695654 1.006919 -0.420810 0.143491 -2.032849 1.276412 -0.764740 -0.799563 0.435570 -0.399269 0.003636 -0.338702 -0.482474 0.143032 0.482158 0.844237 -0.453790 -1.447563 -1.499735 0.985111 -0.350370 1.164267 -0.148863 -0.011708 0.048096 -0.550708 -0.698967 -0.290557 0.391512 2.000000
5.077080 11.588890 6.860688 0.217988 1.522633 2.210135 0.498907 0.852692 0.048929 1.214395 -0.527061 1.383099 0.056328 -0.323586 0.427663 -1.414346 1.215184 -0.310850 -0.894672 0.781483 -0.087052 0.267482 -0.433240 -0.452665 0.479932 0.254953 1.020235 -0.254391 -1.082020 -1.307583 0.859092 -0.431561 1.220574 -0.242100 0.230679 0.230936 -0.420258 -0.402325 -0.274907 0.326751 2.000000
5.077080 11.588890 6.860688 0.217988 1.522633 2.210135 0.498907 0.852692 0.048929 1.214395 -0.527061 1.383099 0.056328 -0.323586 0.427663 -1.414346 1.215184 -0.310850 -0.894672 0.781483 -0.087052 0.267482 -0.433240 -0.452665 0.479932 0.254953 1.020235 -0.254391 -1.082020 -1.307583 0.859092 -0.431561 1.220574 -0.242100 0.230679 0.230936 -0.420258 -0.402325 -0.274907 0.326751 2.000000
1.516628 9.943317 5.731981 1.726021 0.563326 2.460279 0.756255 0.459624 0.357274 0.646465 -0.506208 1.259157 0.711386 -0.424818 1.058868 -1.298315 1.253783 -0.086053 -0.744625 0.433407 -0.206992 0.098413 -0.449253 -0.608211 0.553064 1.033180 0.733855 -0.221735 -1.660081 -1.378880 0.384845 -0.496006 0.815271 -0.002590 -0.154919 0.192465 -0.335083 -0.536296 -0.660792 0.634001 2.000000
5.085828 11.619341 6.925429 0.156429 1.656600 2.145038 0.251310 0.682615 -0.074487 0.939713 -0.523023 1.299090 0.188425 -0.395826 0.287116 -1.269821 1.250797 -0.329928 -0.978880 0.676641 0.007853 0.331299 -0.525223 -0.342709 0.598276 0.293701 0.942195 -0.263029 -1.147120 -1.305743 0.854756 -0.585217 1.135028 -0.339552 0.297755 0.370252 -0.391746 -0.333806 -0.368942 0.172774 2.000000
5.059814 11.627914 6.815254 0.234258 1.482175 2.206635 0.518032 0.881135 0.031113 1.211706 -0.547208 1.367534 0.043851 -0.338078 0.421455 -1.444181 1.235075 -0.330277 -0.845201 0.833773 -0.111839 0.269690 -0.399282 -0.472256 0.448320 0.243894 0.982775 -0.243297 -1.092621 -1.349614 0.815815 -0.432334 1.247508 -0.220562 0.193629 0.243464 -0.454819 -0.419141 -0.272939 0.318993 2.000000
4.913889 11.679924 6.616358 0.176759 1.792014 2.194298 0.234740 0.530270 -0.581597 1.012977 -0.625128 0.885785 0.310231 -0.007960 0.228565 -0.378749 0.672002 -0.264917 -1.224408 0.492901 0.342151 0.038663 -0.479118 -0.539492 0.430948 -0.226292 1.271354 0.018240 -0.964773 -1.193226 0.348349 -0.709377 1.392647 -0.569149 0.279485 0.458437 -0.227191 0.090213 -0.514066 0.267829 2.000000
4.876233 11.957267 6.362682 0.298241 1.508651 2.250802 0.312852 0.912001 -0.371545 0.636238 -0.679977 1.290489 -0.109319 -0.368299 0.062366 -1.363785 1.398328 -0.216827 -0.661556 0.952323 -0.033282 0.353094 -0.528267 -0.201438 0.605313 0.228893 0.736136 -0.290272 -0.888296 -1.262555 0.856828 -0.612164 1.550718 -0.286418 0.134581 0.507623 -0.607423 -0.401758 -0.339118 0.238739 2.000000
2.929563 13.377337 4.502274 -0.036734 0.140849 3.322399 -0.581332 1.487790 -1.674966 0.000157 -1.263004 0.885133 0.617167 -1.009209 0.607412 -1.496841 1.664202 -0.277185 -0.254219 0.743094 0.386065 0.061017 -0.208940 -0.702786 0.692469 0.654709 1.033708 0.087848 -1.378544 -1.345832 0.598473 -0.412372 0.872414 -0.395547 0.218685 0.408379 -0.648457 -0.236210 -0.356382 0.421553 3.000000
1.977833 14.102557 4.374864 -0.684866 -0.543051 2.903878 -0.421774 1.744972 -1.157321 0.123603 -1.135289 1.106374 0.593302 -0.733372 0.542591 -1.241436 1.836783 -0.343012 -0.117417 0.885063 0.467224 0.462724 -0.241913 -0.715367 0.456360 0.186421 0.677560 0.130272 -1.216515 -1.637742 0.903353 -0.076544 0.617503 -0.895315 0.263132 0.292901 -0.516419 -0.110567 -0.633853 0.164677 3.000000
0.698225 14.372209 4.222231 -1.702769 0.085643 3.244505 -0.417400 2.099048 -0.394468 0.470466 -1.094952 1.303858 1.250158 -0.795911 0.793677 -0.651081 1.124770 -0.410123 -0.488853 0.697753 0.516937 0.120853 -0.426668 -0.285294 0.381129 0.316382 0.871369 -0.302423 -1.184320 -1.292863 0.670034 -0.557296 1.228019 -0.216152 0.159433 0.354778 -0.442496 -0.469059 -0.343965 0.310830 3.000000
6.286836 8.462752 3.782470 -3.456170 -0.636128 2.367338 -0.592950 1.683936 -1.261999 0.487884 -1.565454 0.601625 0.691758 -0.310463 0.369795 -1.467205 1.966295 -0.341950 -0.826734 0.799753 0.036870 0.316330 -0.175442 -0.403998 0.768312 0.492385 1.107125 -0.443301 -1.277457 -1.609935 0.393946 -0.169284 1.279928 -0.338080 0.430917 0.098415 -0.725324 0.229374 -0.643209 0.666895 3.000000
0.693143 14.487167 4.357940 -1.797703 0.282705 3.048144 -0.452975 2.162747 -0.229147 0.333996 -1.069511 1.257036 1.155896 -0.860942 0.770271 -0.713299 1.254867 -0.487508 -0.476815 0.547956 0.506310 0.228296 -0.477961 -0.174388 0.497524 0.459088 0.813153 -0.240810 -0.952272 -1.281322 0.849064 -0.577068 1.220806 -0.246942 0.159679 0.209123 -0.556857 -0.425293 -0.330928 0.267923 3.000000
0.693143 14.487167 4.357940 -1.797703 0.282705 3.048144 -0.452975 2.162747 -0.229147 0.333996 -1.069511 1.257036 1.155896 -0.860942 0.770271 -0.713299 1.254867 -0.487508 -0.476815 0.547956 0.506310 0.228296 -0.477961 -0.174388 0.497524 0.459088 0.813153 -0.240810 -0.952272 -1.281322 0.849064 -0.577068 1.220806 -0.246942 0.159679 0.209123 -0.556857 -0.425293 -0.330928 0.267923 3.000000
-2.873864 7.986481 2.472270 2.270741 -0.501378 2.064802 -0.588382 0.574477 -0.667756 -0.530618 -0.523200 0.578845 1.144015 -1.379998 0.289268 -1.466386 1.195383 -0.077698 -0.249208 0.455590 0.008760 0.339495 -0.310580 -0.223781 0.440350 0.445645 0.766448 0.106723 -1.129284 -1.246201 0.718801 -0.306870 1.149275 -0.515695 0.417705 0.366312 -0.662019 -0.176684 -0.233848 0.407706 3.000000
0.960932 14.371541 4.292536 -1.593013 0.291695 3.002862 -0.596816 2.129955 -0.440911 0.318851 -1.026166 1.234266 1.088248 -0.987553 0.771260 -0.875020 1.383660 -0.691149 -0.454713 0.418227 0.578478 0.342489 -0.388075 -0.148510 0.475675 0.475895 0.793875 -0.139991 -0.844385 -1.348898 0.975184 -0.531827 1.104095 -0.362769 0.259770 0.429725 -0.628398 -0.323893 -0.253124 0.290954 3.000000
0.892012 14.366612 4.278250 -1.572978 0.040551 3.225411 -0.425676 2.181214 -0.562978 0.357558 -1.154099 1.297947 1.319749 -0.824265 0.789152 -0.621897 1.169538 -0.416120 -0.487719 0.653508 0.485091 0.127755 -0.439655 -0.273527 0.408292 0.255635 0.860485 -0.242907 -1.197217 -1.359847 0.633059 -0.469284 1.171483 -0.248405 0.157874 0.258939 -0.457803 -0.438085 -0.256494 0.260919 3.000000
-0.112841 14.344011 4.748702 -2.328935 0.890456 2.766631 -0.706485 1.180514 -0.049535 0.592591 -0.615590 0.529965 1.249446 -0.636172 1.031647 -0.762691 1.118725 -0.574993 -1.044546 0.642390 0.472086 0.146669 -0.284269 -0.047720 0.453550 0.828046 1.007119 -0.152993 -1.131572 -1.333429 0.805899 -0.764387 1.357131 -0.354483 -0.011977 0.255944 -0.593670 -0.440850 -0.061780 -0.097866 3.000000
0.823762 14.279631 4.247483 -1.586937 -0.074654 3.283178 -0.417180 1.960671 -0.660844 0.451692 -1.097332 1.286695 1.481648 -0.788421 0.883998 -0.532616 0.954448 -0.296627 -0.637658 0.761458 0.494133 0.025833 -0.471306 -0.293708 0.468672 0.150713 0.919563 -0.305300 -1.315999 -1.334077 0.484608 -0.482591 1.193234 -0.093785 0.077205 0.284010 -0.377965 -0.559269 -0.267410 0.350202 3.000000
3.573929 12.809244 5.564479 0.718194 1.730366 2.776847 0.351426 1.283420 -1.440583 1.043500 -1.663630 0.326156 1.312856 -0.830094 -0.074948 -1.325956 1.431515 0.009098 -0.828560 0.577399 0.132432 0.091069 -0.227329 -0.894154 0.506207 0.215087 0.827346 -0.165676 -1.257878 -1.162330 0.808052 -0.406181 1.447237 -0.295553 0.092654 0.261328 -0.576428 -0.466233 -0.535329 0.077720 4.000000
4.210936 12.120326 5.992570 0.617218 1.667841 2.607018 0.286048 0.477743 -1.328705 1.896620 -1.392096 0.380804 1.563077 -0.914581 0.037681 -0.929968 1.298492 -0.238213 -0.720242 0.542234 0.243890 0.043464 -0.474880 -0.667495 0.659523 0.114676 0.853770 -0.175326 -0.785767 -1.484300 0.717078 -0.399454 0.970743 -0.049729 0.151435 0.299877 -0.717857 -0.347078 -0.393689 0.425156 4.000000
4.080014 12.300235 5.800248 0.774070 1.495764 2.873933 0.211649 0.687715 -1.505232 1.678948 -1.374499 0.123096 1.466522 -0.921357 0.070760 -1.125684 1.508542 -0.178736 -0.717655 0.493602 0.038850 0.047993 -0.397866 -0.404035 0.651723 0.456507 1.006218 -0.351528 -0.934730 -1.437086 0.884177 -0.427686 1.100590 -0.291234 0.131515 0.311185 -0.599020 -0.372600 -0.451951 0.141086 4.000000
6.005084 9.300252 4.692960 -2.460862 1.387737 2.273543 -0.217990 1.809217 -0.869688 0.886495 -1.703557 0.309545 1.569354 -0.723273 -0.375288 -1.214215 1.502396 0.514544 -0.901716 0.179194 0.465463 -0.096615 0.058635 -1.260389 0.164435 0.401036 0.189222 0.189425 -0.691081 -1.167866 1.064925 -1.002035 1.285746 -0.143524 -0.067059 0.137752 0.021244 -0.183049 -0.252224 0.535387 4.000000
3.771087 12.610420 5.479036 0.718214 1.370311 2.820714 -0.010436 0.824458 -1.635508 1.409619 -1.515202 0.137444 1.362869 -0.909029 -0.143988 -1.371610 1.668232 -0.140965 -0.647481 0.496524 -0.032287 0.044775 -0.437069 -0.354821 0.654839 0.322738 0.876886 -0.380772 -1.106551 -1.123680 0.749529 -0.533931 1.282712 -0.269247 0.099408 0.311323 -0.427657 -0.465980 -0.336885 0.120593 4.000000
4.294948 12.047241 6.021827 0.708313 1.465577 2.994212 0.342534 0.589617 -1.303727 1.876698 -1.181072 0.160800 1.668638 -1.025372 0.298747 -1.081825 1.425387 -0.185582 -0.725013 0.530234 -0.017770 -0.034728 -0.420420 -0.483336 0.669326 0.604808 1.135300 -0.364670 -0.916820 -1.477312 0.796694 -0.289145 1.054977 -0.181856 0.162263 0.236413 -0.681422 -0.360345 -0.328200 0.268459 4.000000
-1.825223 7.802772 2.646243 2.559217 0.860166 1.820175 -0.113084 0.399496 -0.637149 0.061312 -0.833770 0.493688 1.180207 -0.772641 0.061069 -1.240214 1.179450 -0.124036 -0.283632 0.402648 -0.208747 0.275390 -0.401601 -0.019714 0.348110 0.135779 0.454952 -0.061514 -1.309711 -0.862826 0.705858 -0.278242 1.289271 -0.177027 -0.270787 0.349331 -0.560812 -0.238029 -0.234197 0.089765 4.000000
4.294948 12.047241 6.021827 0.708313 1.465577 2.994212 0.342534 0.589617 -1.303727 1.876698 -1.181072 0.160800 1.668638 -1.025372 0.298747 -1.081825 1.425387 -0.185582 -0.725013 0.530234 -0.017770 -0.034728 -0.420420 -0.483336 0.669326 0.604808 1.135300 -0.364670 -0.916820 -1.477312 0.796694 -0.289145 1.054977 -0.181856 0.162263 0.236413 -0.681422 -0.360345 -0.328200 0.268459 4.000000
4.188165 12.216431 6.153676 0.637093 1.554146 2.735260 0.373862 0.675914 -1.236482 1.824237 -1.473997 0.131881 1.586374 -1.040449 0.106711 -1.052814 1.357119 -0.141153 -0.697564 0.401926 -0.036559 -0.029579 -0.435805 -0.500348 0.429369 0.300445 0.884513 -0.245134 -0.960134 -1.554887 0.727134 -0.481962 1.079423 -0.140591 0.259313 0.230621 -0.637522 -0.431122 -0.412916 0.291656 4.000000
4.003948 12.311191 5.579226 0.669572 1.315801 2.985078 0.074289 0.656004 -1.587993 1.627432 -1.397760 0.026306 1.593432 -0.938425 -0.085588 -1.151157 1.562733 -0.136032 -0.570628 0.576011 -0.075870 0.143173 -0.455440 -0.287118 0.581723 0.440098 0.886314 -0.345380 -1.029226 -1.399949 0.786088 -0.520637 1.186470 -0.252129 0.223431 0.317976 -0.537506 -0.413226 -0.370560 0.216417 4.000000
3.975598 12.432145 5.477646 0.779601 1.193830 2.995351 0.176788 0.693972 -1.649962 1.545831 -1.293479 0.111786 1.393349 -0.885669 -0.041962 -1.313445 1.547153 -0.119927 -0.592407 0.542401 0.042324 0.057817 -0.544045 -0.329043 0.749596 0.445753 0.939589 -0.351095 -1.037005 -1.083397 0.844157 -0.463658 1.260364 -0.300960 0.022215 0.287020 -0.492636 -0.503635 -0.367167 0.240766 4.000000
3.545024 12.674334 7.388467 -0.315795 0.406776 2.877198 -1.277071 0.847867 -0.625754 0.203371 -0.759724 1.198573 1.203841 -0.802794 -0.015943 -1.257661 1.485862 0.080381 -0.762745 0.848926 0.213458 -0.320318 -0.219102 -0.636631 0.407948 0.805679 0.801106 -0.083080 -1.071735 -1.244306 0.751930 -0.414494 1.156200 -0.147815 -0.113201 0.294699 -0.704335 -0.460421 -0.489407 0.496037 5.000000
3.144673 13.114488 7.546542 -0.415938 -0.099834 2.099620 -1.817860 0.409151 -0.864293 0.139801 -0.850957 1.243974 0.911377 -0.639177 -0.095093 -0.995761 1.132256 0.016033 -0.771103 0.665725 0.158410 -0.399781 -0.259441 -0.584014 0.408575 0.409220 0.820199 -0.232594 -1.070120 -1.290574 0.678182 -0.407829 1.127382 -0.281512 0.131005 0.283752 -0.566876 -0.421869 -0.429573 0.227311 5.000000
3.173186 13.118560 7.551915 -0.366519 0.077116 1.985226 -1.884338 0.239198 -0.839220 0.035906 -0.859613 1.245620 0.831478 -0.630090 -0.147132 -0.974785 1.229617 0.084861 -0.875615 0.528730 0.121662 -0.369661 -0.287407 -0.432952 0.562001 0.531288 0.760227 -0.345111 -1.015224 -1.287182 0.840569 -0.453279 1.024987 -0.411803 0.134032 0.294343 -0.550273 -0.346777 -0.386540 0.232842 5.000000
6.083552 9.176178 6.588454 -3.555961 -0.101824 1.560775 -1.023166 1.682641 -0.286936 -0.208371 -1.065862 0.667556 1.316950 -0.358726 -0.270590 -1.120045 1.252838 0.055536 -1.063388 0.357061 0.041622 -0.327852 -0.501011 -0.371122 0.484682 0.122859 0.916177 -0.500482 -1.242818 -1.327709 0.762242 -0.296734 1.635435 -0.227896 -0.098924 -0.008110 -0.953483 -0.151445 -0.469595 0.898840 5.000000
3.260350 13.011472 7.726757 -0.434241 -0.032028 2.176107 -1.837282 0.375102 -0.799602 0.139270 -0.754199 1.245145 1.052045 -0.690363 -0.114592 -0.891604 1.092493 0.052461 -0.831654 0.628294 0.087893 -0.505498 -0.269386 -0.523570 0.307281 0.436721 0.825253 -0.247421 -1.052488 -1.379328 0.649901 -0.429010 1.162621 -0.268418 0.160244 0.280576 -0.510586 -0.397604 -0.430592 0.272932 5.000000
3.081735 13.188068 7.541410 -0.428063 0.028160 2.058680 -1.939138 0.349706 -0.872956 0.035817 -0.881730 1.194443 0.956993 -0.640766 -0.172909 -0.912586 1.147127 0.064929 -0.828873 0.554463 0.096346 -0.424017 -0.249919 -0.538007 0.393364 0.446002 0.797504 -0.277908 -1.025204 -1.295427 0.673399 -0.423051 1.108796 -0.301353 0.191011 0.280279 -0.534599 -0.386221 -0.377023 0.234708 5.000000
-2.121903 7.248542 3.685928 2.040115 -0.298993 1.662003 -0.905016 -0.235950 0.114286 -0.209311 -0.830327 0.962181 0.913799 -0.987302 0.118717 -1.015779 1.013114 -0.183910 -0.489812 0.458348 -0.051441 -0.124361 -0.188002 -0.249779 0.377568 0.756032 0.659467 -0.238854 -0.960185 -1.057591 0.548425 -0.444243 0.868567 -0.109316 0.215264 0.332056 -0.531284 -0.325281 -0.351932 0.252653 5.000000
3.036425 13.238190 7.456496 -0.424880 0.048768 1.967005 -1.910874 0.314581 -0.844725 0.018433 -0.866447 1.241207 0.827314 -0.614061 -0.170235 -1.040310 1.244547 0.079062 -0.858779 0.519510 0.108936 -0.402648 -0.312035 -0.472684 0.534597 0.437276 0.754945 -0.356609 -0.966258 -1.176540 0.729487 -0.374160 1.087015 -0.301750 0.159922 0.262313 -0.619330 -0.390804 -0.228930 0.246706 5.000000
3.018470 13.234596 7.442697 -0.438511 0.021823 2.017015 -1.942810 0.352002 -0.875374 0.009533 -0.872816 1.209929 0.852550 -0.587959 -0.172480 -1.008592 1.214553 0.090779 -0.804394 0.537812 0.089744 -0.395506 -0.309159 -0.508413 0.432963 0.428926 0.780747 -0.304695 -0.996632 -1.238634 0.737324 -0.414290 1.104469 -0.282358 0.170893 0.268094 -0.606837 -0.374165 -0.268553 0.248703 5.000000
3.392936 12.909030 7.596412 -0.308592 0.100603 2.128108 -1.754656 0.274345 -0.751182 0.312787 -0.812392 1.360286 0.936507 -0.757311 -0.032299 -1.002298 1.153593 0.052773 -0.941319 0.626175 0.079607 -0.517727 -0.227235 -0.394722 0.537915 0.487489 0.871241 -0.378275 -1.005372 -1.218800 0.680917 -0.271140 1.192217 -0.370209 0.110218 0.261796 -0.450888 -0.483898 -0.337100 0.229949 5.000000
3.169997 13.086333 7.526609 -0.364196 0.032720 2.070624 -1.847849 0.318386 -0.901189 0.121031 -0.882903 1.249348 0.899637 -0.630291 -0.166831 -0.977566 1.163199 0.071011 -0.868538 0.566315 0.080771 -0.481470 -0.299396 -0.504524 0.460815 0.452503 0.807756 -0.318651 -1.043068 -1.292181 0.685773 -0.404064 1.107439 -0.283783 0.183858 0.293594 -0.520417 -0.378332 -0.368377 0.216037 5.000000
-2.563782 12.070795 7.295631 -2.514948 1.895197 2.715487 0.452973 2.060942 -1.039847 -0.330664 0.886077 0.347795 0.749481 -1.872735 -0.327201 0.077551 2.305164 -0.271300 -0.780974 0.546994 -0.464746 -0.026529 -0.059201 -0.590780 0.599498 0.299495 1.209677 0.154987 -1.124348 -1.026100 0.530285 -0.422878 1.261927 -0.089545 -0.120028 0.324263 -0.267348 -0.502551 -0.589875 0.275208 6.000000
-4.807352 9.212611 8.036320 0.138130 1.077659 1.858946 -1.975117 2.820486 -0.717863 1.556294 -1.378787 0.757217 1.148116 -0.080163 0.510251 -1.655936 1.083642 -0.041475 -0.703217 0.817186 -0.058065 -0.125545 0.948494 -0.030160 0.998272 -0.087792 1.227847 -0.103138 -1.096217 -1.321461 0.942153 -0.506095 0.943882 -0.151191 0.127300 0.368638 -0.496036 -0.391969 -0.503815 0.286712 6.000000
-4.360123 9.724300 7.727245 -0.874625 1.158679 2.211585 -1.575911 1.969363 -1.649167 1.673923 -0.837122 0.814540 0.371895 -0.558865 0.571079 -1.049867 1.620608 -0.020869 -0.774640 0.524452 -0.018984 0.186133 -1.127435 -0.792777 0.342439 0.697099 0.687167 -0.213591 -1.066421 -1.333803 0.606146 -0.432808 1.249633 -0.391830 0.063046 0.136718 -0.470282 -0.340723 -0.320351 0.205378 6.000000
2.655887 7.706248 4.738076 -4.669466 0.331071 1.806949 0.377998 0.879374 -2.107437 0.380611 0.526378 0.905422 0.300144 -1.237046 0.096720 -0.092538 1.913110 0.027641 -0.626284 0.911571 -0.302012 -0.438763 -0.393309 0.242677 0.976244 0.510014 1.537470 0.067060 -0.763334 -1.800382 1.100269 0.146159 1.153587 -0.107412 -0.116963 0.464171 0.018230 -0.433145 -0.312170 0.346970 6.000000
-4.329731 9.801317 7.607451 -1.087110 1.255736 2.278570 -1.440564 1.844180 -1.762704 1.597875 -0.744923 0.844722 0.317878 -0.687387 0.518644 -0.986442 1.753841 -0.028152 -0.739751 0.455097 -0.029231 0.174891 -1.298702 -0.769065 0.288730 0.762336 0.676475 -0.265988 -0.975138 -1.255933 0.569587 -0.379865 1.286094 -0.338727 0.112239 0.163634 -0.483403 -0.365685 -0.251346 0.253197 6.000000
-4.329731 9.801317 7.607451 -1.087110 1.255736 2.278570 -1.440564 1.844180 -1.762704 1.597875 -0.744923 0.844722 0.317878 -0.687387 0.518644 -0.986442 1.753841 -0.028152 -0.739751 0.455097 -0.029231 0.174891 -1.298702 -0.769065 0.288730 0.762336 0.676475 -0.265988 -0.975138 -1.255933 0.569587 -0.379865 1.286094 -0.338727 0.112239 0.163634 -0.483403 -0.365685 -0.251346 0.253197 6.000000
-4.640685 10.401132 6.382389 -1.613657 1.755264 3.216136 0.023056 1.711914 -0.634783 -0.467176 0.292739 0.260007 0.401211 -1.645270 -0.245422 -0.133499 2.415138 -0.844847 -0.935698 0.665374 -0.650739 -0.047225 0.131109 -1.526654 0.908435 -0.260381 0.485519 -0.929297 -1.330321 -1.151240 1.165345 -0.960747 0.838595 -0.471062 0.367190 0.232466 -0.865942 -0.113987 -0.248671 0.264064 6.000000
-4.582130 9.554855 7.756598 -0.747135 1.210664 2.190369 -1.601088 2.226479 -1.570222 1.745212 -0.971169 0.916101 0.468052 -0.508961 0.598960 -1.227675 1.457619 0.036225 -0.682044 0.607920 0.054686 0.132479 -0.739267 -0.565355 0.544896 0.656808 0.813573 -0.233842 -0.967036 -1.322112 0.678429 -0.450060 1.270622 -0.312967 0.034284 0.185668 -0.513024 -0.403286 -0.352730 0.300435 6.000000
-4.477731 9.541899 8.052538 -0.330080 1.097392 1.933931 -1.928145 2.510885 -1.183640 1.799400 -1.248455 0.835626 0.888901 -0.151184 0.566287 -1.434654 1.200293 0.066917 -0.758590 0.667483 0.114579 0.012686 -0.143947 -0.323665 0.660331 0.422737 0.933432 -0.205488 -0.950157 -1.412144 0.730744 -0.606018 1.311434 -0.218931 0.168198 0.284124 -0.519198 -0.485345 -0.437047 0.355227 6.000000
-4.731260 9.232241 8.022622 0.155958 1.040016 1.991112 -2.062724 2.753560 -0.695335 1.691813 -1.379017 0.665546 1.033899 -0.064222 0.430887 -1.668179 0.929723 -0.092878 -0.780042 0.647052 -0.179791 -0.110997 0.853634 0.071519 0.929554 -0.061405 1.030866 0.038334 -1.139826 -1.322293 0.955426 -0.494267 1.112603 -0.218629 0.264998 0.482453 -0.489768 -0.370627 -0.351801 0.297106 6.000000
-4.767254 9.440171 7.646184 -0.706475 1.258626 2.196763 -1.684683 2.312356 -1.557565 1.751875 -1.100239 0.833274 0.538184 -0.413944 0.608734 -1.251028 1.450030 0.015082 -0.663243 0.813383 0.246148 0.147669 -0.522155 -0.514636 0.584424 0.540462 0.811820 -0.206689 -1.028208 -1.215397 0.709992 -0.456883 1.236673 -0.259145 0.099876 0.288117 -0.595409 -0.324337 -0.427018 0.360904 6.000000
1.419478 13.889089 3.179142 -0.545073 1.308847 2.126578 -0.839467 0.791237 -1.529481 1.326154 -0.379012 0.870651 0.668312 0.290399 0.185012 -0.886047 1.453166 -0.118626 -0.875310 0.248133 -0.132085 -0.037499 -0.287454 -0.662897 0.334092 0.581295 0.957711 0.091112 -1.291778 -1.328016 1.084689 -0.269597 0.888921 -0.506568 -0.156829 0.557958 -0.833925 -0.592036 -0.594382 0.369568 7.000000
0.049868 14.403696 3.942921 -1.777956 0.834739 2.418708 -0.833633 0.631576 0.007074 1.460981 -0.957527 0.882163 0.385382 -0.255924 0.268396 -1.038295 1.398039 -0.061599 -1.118915 0.379120 -0.634270 0.032315 -0.307664 -0.178935 0.534039 0.740636 0.579670 -0.142835 -0.932188 -1.219864 1.249156 -0.548550 0.998957 -0.137714 0.270657 0.156657 -0.641146 -0.327872 -0.537751 0.241637 7.000000
1.379902 14.454062 4.139622 -0.741182 0.256157 2.427367 -0.670007 1.509596 -0.536281 1.199435 -1.067300 1.211616 0.428565 -0.166081 -0.244838 -1.091152 1.891963 0.039031 -1.065921 -0.041731 -0.473461 0.073430 -0.430230 -0.152883 0.567262 0.718348 0.814053 0.024009 -0.875101 -1.155381 1.334408 -0.448866 0.938432 -0.361595 0.127401 0.235323 -0.860492 -0.381698 -0.406975 0.276488 7.000000
5.548310 8.942397 2.666365 -3.363638 -0.337084 2.281475 -0.995863 0.868892 -1.156922 1.295695 -1.662014 0.772433 0.083068 -0.050692 0.269467 -1.042972 1.592446 0.058329 -0.898422 0.287450 -0.291989 -0.081645 -0.536378 -0.171280 0.543277 0.593492 1.186001 -0.172059 -0.973378 -1.306220 0.965792 -0.424194 0.842160 -0.134868 0.161963 0.275078 -0.776085 -0.152568 -0.031036 0.264806 7.000000
0.640540 14.280475 3.583776 -1.320874 0.274077 2.938707 -0.641901 1.370210 -0.551166 1.709229 -1.026361 1.161680 1.052771 -0.278913 0.043431 -0.685144 1.440012 -0.237850 -0.617803 0.634636 -0.642458 -0.198786 -0.366866 -0.368011 0.411203 0.551165 0.776299 0.081254 -0.982043 -1.105525 0.893617 -0.400262 1.323477 -0.237350 0.366586 0.478910 -0.602995 -0.341334 -0.282252 0.467182 7.000000
0.640540 14.280475 3.583776 -1.320874 0.274077 2.938707 -0.641901 1.370210 -0.551166 1.709229 -1.026361 1.161680 1.052771 -0.278913 0.043431 -0.685144 1.440012 -0.237850 -0.617803 0.634636 -0.642458 -0.198786 -0.366866 -0.368011 0.411203 0.551165 0.776299 0.081254 -0.982043 -1.105525 0.893617 -0.400262 1.323477 -0.237350 0.366586 0.478910 -0.602995 -0.341334 -0.282252 0.467182 7.000000
-2.852041 10.492366 2.504320 1.202438 -0.442803 2.123180 -0.542990 0.538453 -0.109371 0.825807 -0.666972 1.008701 0.955786 -0.469770 -0.019572 -1.028197 1.173409 0.111295 -1.064886 0.105896 -0.458956 0.232067 -0.373910 -0.622753 0.629521 0.711208 1.163421 -0.054440 -0.917221 -1.419357 0.672812 -0.605197 1.267419 -0.596226 0.457610 0.425860 -0.419970 -0.550750 -0.361382 0.490734 7.000000
0.718497 14.335678 3.940735 -1.240511 -0.431138 3.188627 -0.797175 1.379052 -0.459622 1.585235 -1.346367 1.012043 0.616612 -0.430114 0.210608 -0.796427 1.297883 -0.165131 -0.691761 0.264285 -0.763286 -0.109349 -0.237114 -0.743900 0.406228 0.275911 0.899193 -0.286282 -0.948560 -1.423183 0.512778 -0.219158 1.321356 -0.180926 0.306666 0.388337 -0.401611 -0.156971 -0.206794 0.205858 7.000000
0.556070 14.288091 3.606398 -1.349160 0.189517 3.006581 -0.653367 1.331679 -0.491535 1.730194 -1.099702 1.148147 1.004459 -0.261385 0.054207 -0.686935 1.426195 -0.230676 -0.690627 0.604492 -0.687665 -0.152893 -0.367445 -0.422959 0.431579 0.540259 0.783873 0.045239 -0.999128 -1.124660 0.887601 -0.389693 1.314619 -0.229114 0.369498 0.448314 -0.565905 -0.286892 -0.288053 0.410247 7.000000
0.125122 14.190243 3.991428 -1.525867 -0.188025 3.518870 -0.748027 1.051676 -0.337568 1.715073 -1.265352 0.839667 0.889706 -0.235977 0.225613 -0.775346 1.084040 -0.263242 -1.073754 0.436972 -0.697784 -0.010533 -0.374009 -0.671356 0.747601 0.398540 0.810639 -0.436613 -0.974650 -1.052293 0.702967 -0.307884 1.351572 -0.116130 0.268424 0.237485 -0.338857 -0.195532 -0.295737 0.257804 7.000000
0.331135 14.240402 4.132590 -1.509629 -0.326768 3.379823 -0.679757 1.142105 -0.607865 1.552647 -1.342971 0.819186 1.218104 -0.283219 0.242914 -0.278263 0.980120 -0.111694 -0.997788 0.650463 -0.562950 -0.186473 -0.228167 -0.766636 0.636852 0.230991 0.750765 -0.182659 -1.364232 -1.289415 0.350624 -0.191790 1.315288 -0.160391 0.235214 0.260724 -0.192554 -0.522011 -0.176232 0.266380 7.000000
0.052657 14.118883 4.636621 -1.723545 1.889388 2.046760 -0.588813 1.711715 -0.356841 0.404470 -0.347092 0.788726 1.717353 -0.234108 0.209905 -1.496091 1.374650 0.403613 -1.057009 1.376317 -0.153683 0.244506 -0.411451 -0.829108 0.526085 0.577956 0.925342 -0.426298 -1.230296 -1.113586 0.738280 -0.660344 1.201995 -0.191888 0.227746 0.448382 -0.645913 -0.201593 -0.433493 0.164755 8.000000
0.421203 14.299613 4.250519 -1.638506 0.791678 2.026961 -0.703346 1.424575 -0.199022 0.407318 -0.721579 1.302910 1.123648 -0.856229 0.437118 -1.561597 1.149535 0.674663 -0.953088 1.392682 -0.291766 0.525901 -0.515360 -0.786978 0.674997 -0.111495 0.540533 -0.399235 -0.582720 -1.602968 0.876019 0.023733 1.081917 -0.136381 0.084171 0.193559 -0.474578 -0.472447 -0.533896 0.181348 8.000000
0.565591 14.199996 4.802392 -1.695217 1.277423 1.584016 -1.309482 0.976558 -0.411176 0.444468 -0.593399 0.751893 1.523201 -0.148913 0.212387 -1.186159 1.548770 0.580998 -1.225038 1.063946 -0.026515 0.484181 -0.552768 -0.746252 0.811127 0.579704 1.267592 0.024547 -1.285175 -1.168879 0.742972 -0.356205 0.964974 -0.384231 0.129024 0.087293 -0.378853 -0.211824 -0.279889 0.154775 8.000000
4.473216 8.805742 3.261098 -4.412639 1.555031 0.769593 -0.270433 1.311872 -1.203796 0.516835 0.119679 0.150874 1.499742 -0.017644 0.455905 -1.349439 1.152045 0.003877 -0.602884 1.711171 0.075206 -0.187838 -0.487529 -0.144795 0.685016 0.760353 0.723071 -0.511944 -0.818769 -1.139068 0.360210 -0.818485 0.954649 -0.346555 0.266243 0.822689 -0.796181 -0.695238 -0.628663 0.288652 8.000000
0.870152 14.065825 4.196407 -1.307624 1.825361 1.592890 -0.746259 1.452968 -0.821888 0.617731 -0.417748 1.090586 1.633065 -0.187038 0.117457 -1.545479 1.553610 0.173103 -0.929585 0.954792 -0.154247 0.251678 -0.520955 -0.507013 0.645438 0.597066 0.993010 -0.173220 -1.041370 -0.953770 0.875983 -0.609497 1.357944 -0.195776 0.359090 0.142465 -0.394667 -0.182942 -0.259545 0.386208 8.000000
0.421203 14.299613 4.250519 -1.638506 0.791678 2.026961 -0.703346 1.424575 -0.199022 0.407318 -0.721579 1.302910 1.123648 -0.856229 0.437118 -1.561597 1.149535 0.674663 -0.953088 1.392682 -0.291766 0.525901 -0.515360 -0.786978 0.674997 -0.111495 0.540533 -0.399235 -0.582720 -1.602968 0.876019 0.023733 1.081917 -0.136381 0.084171 0.193559 -0.474578 -0.472447 -0.533896 0.181348 8.000000
-1.547423 10.358400 2.687804 1.584944 1.012185 1.187643 -0.613327 1.111510 -0.186998 -0.265229 -0.805537 0.803003 1.755110 0.345585 0.476729 -1.438897 2.310948 -0.140760 -0.626327 1.110348 0.418140 -0.910409 -0.934408 -0.553008 0.162863 0.406170 1.417649 -0.497106 -0.983841 -1.181380 1.439631 -0.157689 1.546189 -0.092323 0.296582 0.242681 -0.126134 -0.245674 -0.748763 0.055531 8.000000
1.971024 13.922951 5.388623 -0.743858 0.778171 1.559308 -1.474384 1.226033 -1.064046 0.199664 -1.182081 0.908858 1.389210 -0.554901 -0.150173 -1.538681 1.762411 0.184759 -1.177119 0.530200 0.177734 0.394660 -0.614654 -0.751583 0.786771 0.173981 0.864387 0.468703 -1.344656 -1.370371 0.822329 -0.242455 1.096759 -0.339006 0.016859 0.309742 -0.373337 -0.288470 -0.048043 0.494819 8.000000
-0.320301 14.036690 5.123436 -2.217565 1.623592 1.781618 -1.000112 0.632427 -0.179453 0.534987 -0.114368 0.341324 1.643690 -0.163298 0.243154 -1.080567 1.448810 0.609350 -1.027636 1.394712 -0.301546 0.359966 -0.249674 -0.559961 0.698908 0.752215 1.166663 -0.334389 -1.138956 -1.275080 0.419147 -0.685609 1.126862 -0.212035 0.173134 0.217406 -0.614290 -0.259989 -0.207136 0.059769 8.000000
2.776792 13.545281 5.750368 -0.340633 -0.602927 2.606586 -0.683910 1.285086 -1.279383 0.428963 -0.947880 0.732826 0.796592 -0.772282 0.314022 -1.967529 2.037522 -0.322936 -0.867608 0.278560 0.274596 0.102226 -0.454811 -0.195402 1.019050 0.240635 0.386573 -0.137108 -1.030331 -1.212888 0.698787 -0.196858 1.108017 -0.204828 0.370475 0.198956 0.158761 -0.402997 -0.446225 0.566931 8.000000
1.881213 13.683860 4.590561 -0.535453 1.930290 1.503972 -0.836974 1.176622 -1.568388 0.501913 -0.911607 0.899769 1.611397 -0.029754 0.113805 -1.403401 1.561605 -0.073558 -0.923539 0.816914 -0.126513 -0.010212 -0.656050 -0.737373 0.767502 0.230393 0.854032 0.349689 -1.497073 -0.950122 0.937299 -0.393025 1.374510 -0.322349 0.061819 0.367355 -0.252817 -0.407312 -0.365289 0.481350 8.000000
1.109972 14.632605 5.967236 -1.419055 0.416972 2.404545 -0.830962 2.179614 0.457551 0.161189 -1.253552 0.786964 0.689374 -0.315975 -0.272375 -1.364939 1.908867 -0.292328 -1.220739 -0.081041 0.226227 0.374119 -0.236251 -0.768686 0.639269 0.499403 0.867478 -0.023182 -1.002866 -1.375524 0.528357 -0.457622 1.167891 0.323676 -0.161486 0.489074 -0.703315 -0.504447 -0.498729 0.065964 9.000000
2.574651 14.031855 5.696250 -0.327709 0.390640 1.559674 -0.945273 1.400958 -0.632077 0.216010 -0.821823 1.008611 0.565276 -0.632228 -0.733619 -1.833183 1.945741 0.082180 -1.080808 0.236604 0.225593 0.607699 -0.548338 -0.375503 0.916305 0.389428 0.688152 -0.033814 -0.883898 -1.387417 0.698039 -0.623774 1.084268 0.009222 0.279528 0.391996 -0.633510 -0.335128 -0.301667 0.170104 9.000000
0.082434 14.226955 5.563520 -2.327374 1.097040 1.923291 -1.677612 -0.030267 0.536024 0.789025 -1.102937 -0.155461 0.419888 -0.699929 0.588921 -1.398738 1.607689 -0.214302 -0.791786 0.298939 0.053610 0.209402 -0.365767 -0.546161 0.717185 0.453271 1.053923 -0.038757 -1.154971 -1.341798 0.883671 -0.397558 1.001185 -0.314651 -0.117786 0.349520 -0.489668 -0.287649 -0.465261 0.275326 9.000000
6.092976 9.339946 4.905636 -3.877385 -0.270903 1.366946 -1.014524 1.802194 -0.370709 -0.167387 -1.090614 0.552344 0.690309 -0.763041 -0.301342 -1.446082 1.566899 -0.489864 -1.147339 0.238521 0.297068 0.368142 -0.607295 -0.481658 0.788203 0.820994 0.830780 0.176756 -1.080329 -1.374615 0.571089 -0.661279 1.426057 -0.025289 0.351227 0.506802 -0.836863 -0.576213 -0.519083 0.404099 9.000000
0.105772 14.172345 5.564356 -2.370256 1.175002 1.875301 -1.669721 -0.122056 0.510533 0.873084 -1.018668 -0.314449 0.459097 -0.918277 0.640055 -1.474015 1.627720 -0.276272 -0.582662 0.392076 0.024033 0.052192 -0.272753 -0.534080 0.601899 0.407414 1.153352 -0.027913 -1.053239 -1.321081 0.734798 -0.428830 1.191059 -0.299090 -0.092653 0.419914 -0.508932 -0.373788 -0.274091 0.377391 9.000000
0.105772 14.172345 5.564356 -2.370256 1.175002 1.875301 -1.669721 -0.122056 0.510533 0.873084 -1.018668 -0.314449 0.459097 -0.918277 0.640055 -1.474015 1.627720 -0.276272 -0.582662 0.392076 0.024033 0.052192 -0.272753 -0.534080 0.601899 0.407414 1.153352 -0.027913 -1.053239 -1.321081 0.734798 -0.428830 1.191059 -0.299090 -0.092653 0.419914 -0.508932 -0.373788 -0.274091 0.377391 9.000000
-2.592481 11.061759 4.413797 0.687717 -0.133655 2.162959 -0.863242 0.921751 0.859905 0.098722 -1.383112 0.712239 1.215751 -0.426725 -0.248326 -1.612922 1.849859 -0.332633 -1.345306 0.094997 0.268882 0.334479 -0.442328 -0.966937 0.591107 0.531663 1.525285 -0.054122 -0.542650 -1.595241 0.549413 -0.479896 1.378976 -0.076423 0.016476 0.451291 -0.466745 -0.345546 -0.200808 0.049247 9.000000
-0.029637 14.264147 5.095420 -2.388910 0.688546 2.284005 -1.023622 0.349327 0.503456 1.155449 -1.395843 0.332165 0.341059 -1.025320 0.525754 -1.371551 1.622205 -0.304945 -0.190742 0.835925 -0.151591 -0.111242 -0.314240 -0.608377 0.496684 0.130143 0.701313 -0.177167 -0.744870 -1.233738 0.594160 -0.377846 1.432248 0.050626 0.148493 0.271629 -0.524391 -0.467332 -0.570149 0.485053 9.000000
-0.349847 14.065462 5.599751 -2.605733 1.129565 2.179415 -1.247443 -0.146898 0.486283 1.056096 -1.113725 -0.224378 0.358004 -1.028787 0.724641 -1.582213 1.523076 -0.191605 -0.262193 0.770343 -0.023788 -0.181224 -0.391550 -0.441396 0.482444 0.181571 0.790850 -0.279607 -0.893387 -1.208168 0.757113 -0.311940 1.326735 -0.219345 0.212483 0.332612 -0.475210 -0.556675 -0.509247 0.492488 9.000000
-0.517541 14.006561 5.829239 -2.537517 1.446888 1.968007 -1.630383 -0.405758 0.332573 0.841042 -0.927256 -0.397611 0.492178 -0.581891 0.814439 -1.529436 1.279990 -0.108841 -0.700480 0.612532 -0.187317 -0.005672 -0.466853 -0.444871 0.464045 0.370256 0.887997 -0.294266 -1.127555 -1.347837 0.705356 -0.647264 1.231639 -0.354508 0.089781 0.485605 -0.437097 -0.177148 -0.287641 0.307310 9.000000
-0.556223 13.774770 6.143290 -2.559539 1.163403 2.374798 -1.474554 -0.499050 0.039626 1.045401 -1.188583 -0.525958 0.530385 -0.746756 0.769516 -1.661029 1.403582 -0.157474 -0.436061 0.536393 0.023137 -0.219193 -0.515023 -0.556324 0.236686 0.221165 0.758054 -0.353122 -1.256763 -1.194383 0.725505 -0.139425 1.227799 -0.702743 0.403131 0.315491 -0.342185 -0.491166 -0.317459 0.285061 9.000000
3.624611 12.670942 4.792855 0.330186 2.462670 2.641713 -0.553081 1.172652 -1.386339 0.062178 -1.416004 1.172406 0.398849 -0.844317 0.887887 -1.339838 1.723125 -0.359484 -0.751114 0.723402 -0.248567 -0.038019 0.262101 -0.957175 0.701035 0.855291 0.850067 0.085753 -0.867252 -1.232842 0.451838 -0.172037 1.373862 -0.147078 0.422711 0.096047 -0.604557 -0.588663 -0.383604 0.154011 10.000000
3.236386 13.343906 4.791212 0.416436 0.978453 2.622734 -0.822267 1.187494 -1.406720 0.110034 -1.377125 1.090594 0.120812 -0.929160 0.431998 -1.795888 1.878190 -0.014230 -1.146626 0.424519 -0.276234 -0.132513 -0.223291 -0.297671 0.941378 0.519852 0.754647 -0.210728 -1.286693 -1.342103 0.318178 -0.248358 0.956825 -0.137206 0.523780 0.205778 -0.368416 -0.320023 -0.084316 0.138609 10.000000
1.815436 13.761924 3.597285 -0.345645 2.125509 1.704373 -1.146767 1.123781 -1.831314 0.200597 -0.692649 0.989730 0.833671 -0.726541 0.831993 -1.683739 1.552815 -0.272196 -1.361166 0.221683 -0.228661 0.017038 -0.208837 -0.398454 0.348447 0.313135 0.845034 -0.330030 -0.947324 -1.329149 0.893157 -0.388245 0.977923 -0.472556 -0.036051 0.237438 -0.469967 -0.330934 -0.468653 0.274855 10.000000
5.752485 9.556278 3.967115 -2.673110 1.624051 1.709992 -0.416101 2.040130 -1.136483 -0.058988 -1.589691 0.577930 0.545760 -0.401594 0.185081 -1.486329 1.569992 -0.792779 -1.075975 0.618339 -0.339739 -0.252940 -0.117716 -0.547991 0.673647 0.452237 0.865702 -0.047470 -0.782094 -1.134521 0.281885 -0.271562 1.270939 -0.327348 0.400399 0.101266 -0.391057 -0.779688 -0.451814 0.134265 10.000000
1.918435 13.710993 3.582194 -0.238768 2.143176 1.786396 -0.934317 1.188352 -1.984556 0.334589 -0.738918 0.969982 0.909074 -0.563724 0.801719 -1.569572 1.605390 -0.459603 -1.228072 0.267116 -0.265200 -0.103979 -0.203257 -0.426455 0.337624 0.300399 0.872103 -0.362311 -0.978007 -1.192593 0.567988 -0.472031 1.212013 -0.279675 0.003595 0.345972 -0.475535 -0.412825 -0.342594 0.408065 10.000000
1.324480 13.860145 3.375641 -0.686540 2.145173 1.600974 -1.097790 1.072766 -1.676594 0.450293 -0.349642 1.019167 1.025611 -0.738857 0.799053 -1.660495 1.433739 -0.280081 -1.313809 0.355625 -0.193217 0.005730 -0.170285 -0.360287 0.171244 0.383275 0.851891 -0.560142 -0.807519 -1.301113 0.637613 -0.535500 1.233389 -0.353128 -0.070512 0.409548 -0.525471 -0.298875 -0.375764 0.412175 10.000000
1.987342 11.822193 3.727494 1.798441 1.396978 2.242611 -0.427865 0.488819 -0.947209 0.112571 -1.559581 0.857478 0.333564 0.432639 1.436650 -0.975320 2.486997 -0.771225 -0.852900 1.208935 0.213850 -1.177048 -0.317995 -0.839779 1.240189 0.544939 0.706157 -0.107178 -1.327100 -1.557145 0.829928 -0.787000 1.254181 -0.022699 0.321430 0.157104 -0.551299 -0.462011 -0.197106 0.069587 10.000000
1.842605 13.785682 3.562699 -0.331804 2.057205 1.746412 -1.060129 1.194822 -1.806399 0.275376 -0.753787 1.082312 0.854989 -0.768303 0.794664 -1.710600 1.593421 -0.383748 -1.277497 0.288121 -0.285462 -0.063299 -0.232691 -0.410500 0.385468 0.251627 0.825052 -0.406423 -0.866849 -1.236173 0.569853 -0.443420 1.153878 -0.301473 0.017880 0.342887 -0.500936 -0.346469 -0.260011 0.364757 10.000000
1.770259 13.794735 3.522026 -0.368566 2.141921 1.702998 -1.063297 1.186594 -1.810096 0.302097 -0.665249 1.081950 0.858021 -0.758288 0.826285 -1.682841 1.530699 -0.346607 -1.259050 0.284125 -0.294696 -0.070692 -0.198255 -0.365989 0.293541 0.264144 0.808312 -0.438328 -0.821434 -1.260465 0.635916 -0.472050 1.195750 -0.317091 -0.018830 0.362672 -0.495488 -0.366988 -0.318374 0.403002 10.000000
1.828636 13.686158 3.739452 -0.356545 2.145374 1.684343 -1.082960 1.131449 -2.048695 0.335774 -0.688944 0.827426 1.093821 -0.302555 0.691334 -1.191722 1.412950 -0.421539 -1.104956 0.457465 -0.322039 -0.001822 -0.205520 -0.621648 -0.049611 0.273079 0.847210 0.088367 -1.090149 -1.440147 0.690017 -0.661328 1.337440 -0.287379 -0.001854 0.492692 -0.507254 -0.344539 -0.632487 0.445262 10.000000
1.751321 13.742106 3.425491 -0.393183 1.791128 1.938111 -0.946181 1.134416 -1.887869 0.397533 -0.677336 0.976522 0.914091 -0.841708 0.972431 -1.695640 1.414079 -0.270626 -1.313847 0.299402 -0.325379 -0.131308 -0.253750 -0.357511 0.313937 0.373580 0.967668 -0.389482 -0.922368 -1.278698 0.694093 -0.560850 1.192579 -0.335544 -0.048785 0.343924 -0.488347 -0.280146 -0.397598 0.340382 10.000000
3.212937 10.718591 4.313436 -0.686033 2.675460 6.041324 -1.620133 1.367646 -0.263705 0.729788 -0.693767 0.941702 1.003447 -0.277354 0.263396 -1.281125 1.356274 -0.036435 -0.518322 0.832033 -0.004045 0.289694 -0.346595 -0.704685 0.631818 0.028341 0.841335 -0.092158 -1.172918 -1.326160 0.637535 -0.205872 1.292757 -0.322826 -0.231050 0.516760 -0.731841 -0.466414 -0.114522 0.351255 11.000000
3.321788 11.345156 4.663988 -0.283581 2.066491 5.678977 -2.082239 1.167413 -0.638661 0.476283 -0.491343 0.796978 0.690667 -0.523273 0.035047 -1.341223 1.435029 -0.066093 -0.771747 0.617914 -0.080471 0.038966 -0.461624 -0.419111 0.551782 0.479095 1.055550 -0.223996 -0.934824 -1.207787 0.665443 -0.329700 0.989610 -0.094124 0.071012 0.105138 -0.521498 -0.366068 -0.532740 0.182500 11.000000
3.661185 10.878355 5.137120 -0.714435 1.635012 5.886653 -2.175964 1.203807 -0.228362 0.764090 -0.395007 0.994611 1.287424 -0.861736 -0.091493 -1.809254 2.046395 0.144728 -0.677907 0.373828 0.075552 0.227359 -0.461774 -0.104295 0.767328 0.464074 0.834063 -0.592694 -1.389428 -0.946939 0.925905 -0.664792 1.222979 -0.295229 0.316565 0.513603 -0.148713 -0.528438 -0.127024 0.650542 11.000000
5.261355 7.774904 3.020914 -3.410185 1.116322 4.155689 -1.464982 1.734788 -0.691593 0.783161 -1.212542 0.517030 0.722827 -0.402059 -0.421110 -1.743241 0.511392 -0.668111 -0.957622 0.786105 -0.388712 0.058695 -0.573180 -0.877532 0.787413 0.385710 0.610215 -0.366355 -1.627792 -1.186313 0.660994 -0.156392 1.273152 -0.631579 0.202673 0.660769 -0.451094 -0.636300 -0.433365 -0.078816 11.000000
2.702169 11.688249 4.494091 -0.472893 2.420866 5.495902 -2.276049 1.515711 -0.886854 0.140597 -0.550398 0.672861 0.861460 -0.949989 0.219441 -1.483303 0.479624 -0.481917 -0.820876 0.332027 -0.307120 -0.150043 -0.490317 -0.747021 0.640619 0.785997 0.983044 0.082852 -0.844079 -1.681684 0.900093 -0.606644 1.142142 -0.071271 0.122726 0.217951 -0.488393 -0.107842 -0.580297 0.037040 11.000000
3.902555 10.945196 5.240843 -0.452089 2.027983 5.742071 -1.921298 1.201380 -0.269600 0.700339 -0.439216 0.624379 1.112958 -0.398115 0.135415 -1.315135 2.308462 0.383298 -0.914810 0.349448 -0.065511 0.170418 -0.343844 0.060068 0.282897 0.311254 1.020631 -0.427642 -1.230443 -1.186381 0.603551 -0.430520 0.971205 -0.153531 0.419309 0.241986 -0.429056 -0.594096 -0.317256 0.219870 11.000000
2.382827 9.863737 3.282739 0.830659 1.657356 5.255915 -1.689046 0.396714 0.307423 0.808566 -0.628523 0.808966 1.043710 0.800839 0.413511 -0.782059 2.502870 -0.283876 -0.904766 1.265562 0.180424 -0.548492 -0.649881 -0.490932 0.988473 0.064647 0.343728 0.019086 -0.836367 -1.943258 0.752992 -0.559768 1.326020 -0.443750 -0.356852 0.236628 -0.743380 -0.465052 -0.043343 0.483759 11.000000
4.380864 10.823746 4.956925 -0.187707 2.261150 5.083976 -1.174387 0.857535 -0.441502 0.955291 -0.159121 0.780039 0.627334 0.185795 0.711601 -0.710501 2.131369 0.321466 -0.908684 0.398507 0.562491 0.185627 -0.173696 -0.365382 0.257042 -0.108798 1.420383 -0.082269 -0.419117 -0.407301 0.118293 -0.337590 1.001950 -0.213848 0.353367 0.083004 -0.803639 -0.181791 -0.412978 0.455522 11.000000
2.839064 11.498666 4.354371 -0.450249 2.508748 5.578230 -2.125804 1.303503 -0.795148 0.318749 -0.389484 0.933841 0.755176 -0.897216 0.273294 -1.521861 0.525990 -0.535066 -0.658455 0.452136 -0.092689 -0.175595 -0.499467 -0.773609 0.945137 0.700669 0.982861 -0.146792 -0.738901 -1.275651 0.889671 -0.455638 1.260778 -0.203943 0.079632 0.355526 -0.376448 -0.131444 -0.484958 0.321338 11.000000
3.789982 11.279142 5.360537 -0.497283 2.002111 5.316295 -1.912068 1.317275 -0.151234 0.581043 -0.771928 0.590380 0.865621 -0.282234 -0.064043 -1.063566 2.323456 0.480901 -0.613813 0.532522 -0.482240 0.305407 -0.146223 0.120333 -0.796503 0.373783 0.701883 -0.064021 -1.231038 -2.078562 0.691625 -0.606884 1.112413 -0.341303 0.355462 0.170345 -0.275670 -0.559882 -0.748819 0.145556 11.000000
2.762652 11.551543 4.265746 -0.412373 2.410846 5.419965 -2.008674 1.218224 -0.860694 0.383580 -0.322605 1.046997 0.762440 -0.995071 0.301916 -1.571308 0.292329 -0.666743 -0.572332 0.556313 0.009767 -0.181443 -0.476583 -0.921571 1.118102 0.721706 1.007199 -0.178442 -0.704985 -1.237371 0.956367 -0.391357 1.314474 -0.252680 -0.013876 0.369460 -0.324822 -0.160368 -0.451022 0.428267 11.000000
3.695602 12.329619 7.402647 -0.153903 1.708250 2.710510 -0.952767 1.094979 -0.082194 0.338287 -1.507297 1.393878 1.051720 -0.420507 0.339489 -1.112197 2.154818 -0.314389 -0.459383 1.062628 -0.451396 0.526918 0.307471 -0.612494 0.277381 0.935769 0.637346 -0.336223 -0.694241 -1.260045 0.713120 -0.356694 1.143799 -0.426571 -0.091867 0.573652 -0.426470 -0.244914 -0.073739 0.260252 12.000000
4.633095 11.415120 7.077038 -0.456716 0.756354 2.311542 -1.340437 0.155555 -0.594722 0.939640 -0.967647 1.474674 1.225511 -0.633267 0.235478 -1.040375 1.785266 -0.473301 -0.553613 1.068608 -0.234089 0.575742 -0.104923 -0.306457 0.820816 0.838980 0.928736 -0.499513 -0.792977 -1.290295 0.695884 -0.261530 1.162385 -0.507836 0.065760 0.425417 -0.304810 -0.280710 -0.359017 0.328067 12.000000
3.570961 12.173137 6.146691 -0.639801 0.491455 2.138451 -2.157247 0.284712 -1.693714 0.063472 -1.458442 0.810957 1.110698 -0.142853 0.297496 -0.829165 1.505957 -0.589541 0.097599 0.945203 -0.456407 0.678140 -0.162516 -0.899619 0.334761 0.230042 1.074139 -0.036783 -1.137225 -1.404234 0.822245 -0.535269 1.243598 -0.035777 0.092339 0.209897 -0.454957 -0.433153 -0.400402 0.341001 12.000000
6.344972 8.698931 7.256139 -3.357726 0.267783 1.716018 -0.954438 1.916047 -0.098768 0.501662 -0.588078 0.775252 2.151902 -0.304926 0.502854 -1.482243 1.406284 -0.976244 -0.763716 0.331005 -0.644132 0.017281 -0.340980 -0.366402 0.132337 0.234200 1.034054 -0.345000 -0.941585 -1.593277 0.609800 -0.168717 1.331354 -0.559936 -0.081258 0.027944 -0.633952 -0.012985 0.088336 0.022343 12.000000
5.116581 10.470860 7.810946 -1.911527 0.157615 2.070641 -1.286080 0.596177 -0.007905 1.245974 -0.041813 1.644640 2.328241 -0.543692 1.354729 -1.412893 1.959966 -0.273260 -0.347549 -0.375274 -0.580225 -0.117924 -0.810247 -0.592954 1.060842 0.046810 0.662338 0.199448 -0.900967 -1.169689 0.608533 -0.559789 1.086693 -0.381605 0.263766 0.435241 -0.561154 -0.413431 -0.645753 0.070411 12.000000
5.116581 10.470860 7.810946 -1.911527 0.157615 2.070641 -1.286080 0.596177 -0.007905 1.245974 -0.041813 1.644640 2.328241 -0.543692 1.354729 -1.412893 1.959966 -0.273260 -0.347549 -0.375274 -0.580225 -0.117924 -0.810247 -0.592954 1.060842 0.046810 0.662338 0.199448 -0.900967 -1.169689 0.608533 -0.559789 1.086693 -0.381605 0.263766 0.435241 -0.561154 -0.413431 -0.645753 0.070411 12.000000
2.882922 12.514419 7.466960 -0.066315 1.177014 2.484698 -0.259316 0.687680 -0.174485 1.434968 -1.506815 1.148056 1.525652 -0.213404 0.451577 -0.968983 2.120125 -0.540451 -0.881708 1.054393 -0.268263 0.267450 0.053750 -0.505107 0.732012 1.144912 0.552586 -0.446764 -0.886684 -1.343758 0.412930 -0.467622 0.959614 -0.369684 -0.250522 0.708922 -0.232819 -0.069617 -0.448253 0.454236 12.000000
3.275235 12.456495 5.394971 -0.732794 1.103944 1.736686 -2.272802 0.383169 -1.784575 -0.075906 -1.044777 1.005335 0.984740 -0.111150 0.416685 -1.103742 1.400451 -0.616887 0.035179 0.468112 -0.357003 0.556841 -0.535700 -0.657965 0.469908 0.244060 1.267685 -0.299283 -1.166255 -1.163211 0.964501 -0.654839 1.084003 0.006723 0.098762 0.057375 -0.519317 -0.531279 -0.170724 0.362927 12.000000
3.079877 12.413156 5.201847 -0.879252 1.014528 1.764509 -2.386182 0.422586 -1.775959 -0.059784 -1.001789 1.002821 0.982097 -0.082263 0.366153 -1.126472 1.347626 -0.550021 0.000441 0.433769 -0.341672 0.542840 -0.566417 -0.663366 0.353778 0.165587 1.300356 -0.318747 -1.201784 -1.205272 1.025686 -0.670120 1.041938 0.018029 0.139320 0.030697 -0.543931 -0.513513 -0.283473 0.347842 12.000000
4.073393 11.803922 5.971413 -0.531118 0.779918 2.265967 -1.726431 0.131549 -1.588467 0.260096 -1.346010 0.939652 0.904582 -0.092161 0.124742 -0.759514 1.504157 -0.609702 -0.092578 0.911625 -0.473073 0.700214 -0.207896 -0.623306 0.564109 0.581597 1.033015 -0.160496 -0.956012 -1.216257 0.719937 -0.718255 1.456053 -0.222089 0.204908 0.330101 -0.291438 -0.471691 -0.607405 0.404845 12.000000
4.131995 11.819904 5.987028 -0.466831 1.229937 1.860959 -1.787950 0.103083 -1.529658 0.119720 -1.364700 1.100940 0.805851 -0.153399 0.182211 -0.802778 1.532108 -0.542725 -0.106738 0.797936 -0.337214 0.769023 -0.320128 -0.556943 0.836156 0.436354 0.958773 -0.315237 -0.825202 -1.249849 0.795199 -0.510251 1.289475 -0.269931 0.146628 0.217312 -0.451733 -0.456763 -0.382417 0.229335 12.000000
1.212147 14.147201 5.414401 -0.823368 -1.664733 3.697857 -0.830591 1.159288 -0.916599 1.168403 -0.863526 0.544211 0.803448 0.473340 0.292618 -0.517191 1.536499 -0.520782 -1.303491 0.008025 0.211306 0.198130 -0.099509 -0.605941 0.659638 0.464601 1.006451 -0.622684 -1.240413 -1.034775 0.593349 -0.218841 0.968887 -0.262423 -0.412470 0.255113 -0.329456 -0.560378 -0.634915 0.156012 13.000000
2.747752 13.797313 6.253033 0.046852 -1.562050 3.288144 -0.203556 1.641820 -1.240935 0.429326 -0.073444 0.120140 0.717590 -0.111934 0.354188 -1.690140 1.435455 -0.093117 -0.547151 0.617747 -0.219951 0.048912 -0.319158 -0.538205 0.494367 0.435104 0.819274 -0.178263 -0.879651 -1.261714 0.731994 -0.568714 1.216274 -0.264738 0.147667 0.342299 -0.471038 -0.313198 -0.318684 0.261739 13.000000
2.949597 13.639960 6.448658 0.144674 -1.540671 3.309522 -0.202208 1.606579 -1.272709 0.367991 0.038095 0.144850 0.730571 -0.164742 0.429300 -1.733995 1.355586 -0.018497 -0.436641 0.712956 -0.299675 -0.032602 -0.365532 -0.540989 0.480554 0.475793 0.819307 -0.106779 -0.889701 -1.375907 0.874426 -0.590809 1.171845 -0.225705 0.181748 0.302068 -0.517638 -0.291936 -0.322246 0.296100 13.000000
4.919873 10.112953 4.556702 -2.393628 -1.724411 3.294978 -1.288253 0.585685 -1.175627 1.094356 -1.043792 0.886675 0.614249 -0.125089 1.050274 -0.988684 1.968187 0.243727 -0.767720 -0.232574 0.348327 0.379481 0.217905 -0.711508 0.618146 0.561589 0.591806 -0.794192 -1.322214 -1.123736 1.074823 -0.236632 1.737041 -0.009003 0.001988 0.381291 -0.377218 0.164367 -0.727001 -0.086538 13.000000
2.840660 13.660584 6.453456 0.015442 -1.761087 3.375948 -0.289600 1.526757 -1.315140 0.408396 0.076195 0.147316 0.856154 -0.131070 0.517891 -1.667044 1.321265 -0.165647 -0.346717 0.840501 -0.164490 -0.045472 -0.281355 -0.777161 0.495970 0.335471 0.897408 -0.167349 -0.886582 -1.167493 0.560777 -0.417000 1.257462 -0.178015 0.137346 0.353044 -0.530938 -0.362818 -0.218069 0.266314 13.000000
3.089913 13.487547 6.412132 0.266926 -1.492810 3.357296 -0.232427 1.422306 -1.386351 0.438745 0.079270 0.133470 0.791182 -0.143782 0.598615 -1.749028 1.318270 -0.015290 -0.525939 0.757235 -0.368423 -0.077802 -0.426421 -0.546319 0.579555 0.589609 0.829258 -0.135258 -0.983438 -1.324136 0.755689 -0.537790 1.147423 -0.111368 0.109957 0.200743 -0.524077 -0.371700 -0.269507 0.473350 13.000000
-2.244089 10.847705 3.857863 0.655429 -1.801210 3.062543 -0.703179 0.492396 -0.685589 0.725402 -0.733753 0.752207 1.139871 -0.026042 0.304320 -0.780961 1.288449 -0.376902 -1.467457 -0.002357 0.010286 0.578499 -0.240008 -0.926925 0.983967 0.270747 1.032108 -0.742252 -0.527980 -1.577505 0.795136 -0.548189 1.217053 -0.773707 0.105893 0.123501 -0.449644 -1.103693 -0.488466 0.690117 13.000000
2.656478 13.837581 6.116615 0.010821 -1.614965 3.341296 -0.225671 1.682781 -1.241248 0.426113 -0.154568 0.176994 0.640142 -0.050257 0.311979 -1.559882 1.447602 -0.052138 -0.553805 0.613567 -0.203896 0.087866 -0.282359 -0.519702 0.466614 0.402919 0.787388 -0.186219 -0.857432 -1.333684 0.792034 -0.531227 1.202384 -0.273083 0.153972 0.388584 -0.482625 -0.292080 -0.338700 0.216751 13.000000
2.608363 13.784606 6.042836 -0.007863 -1.686634 3.417074 -0.370080 1.531828 -1.375637 0.494936 -0.155652 0.110351 0.731340 -0.035042 0.377600 -1.486732 1.386898 -0.115959 -0.609223 0.675033 -0.056907 0.085209 -0.243686 -0.647818 0.422374 0.392658 0.916239 -0.163779 -0.973753 -1.287556 0.598734 -0.484967 1.226611 -0.275912 0.097881 0.405938 -0.453477 -0.306927 -0.294993 0.213904 13.000000
2.407000 13.947097 5.993019 -0.149457 -1.557741 3.296453 -0.301345 1.574174 -1.210000 0.520006 -0.258298 0.186015 0.727511 0.000568 0.212505 -1.430277 1.504212 -0.163847 -0.756285 0.416195 0.094042 0.143501 -0.305295 -0.496453 0.563646 0.457312 0.903262 -0.291510 -0.948744 -1.186854 0.737643 -0.516185 1.218553 -0.260342 0.096861 0.483896 -0.417621 -0.346971 -0.391298 0.273902 13.000000
2.950660 13.541225 6.573437 0.079286 -1.760391 3.423977 -0.430903 1.354903 -1.429931 0.417474 0.193960 0.075639 0.979351 -0.081147 0.652900 -1.489500 1.168623 -0.043717 -0.434487 0.737517 -0.378992 -0.144149 -0.392391 -0.637588 0.496473 0.472398 0.857994 -0.084924 -0.858949 -1.370738 0.708829 -0.406348 1.114452 -0.166461 0.138915 0.153013 -0.588571 -0.432775 -0.234201 0.348898 13.000000
-3.109927 12.132677 7.410275 -2.850751 1.433881 3.838170 0.493556 0.761938 -1.349254 -0.029076 -1.155663 1.243057 0.975257 -0.206837 0.227721 -1.490275 1.540212 -0.314909 -0.606555 0.505676 -0.082899 -0.010745 -0.558863 -0.755550 0.267005 0.292320 1.059981 -0.253060 -1.092073 -1.362159 0.730857 -0.282703 0.968986 0.122259 0.114000 0.937016 -0.494756 -0.369903 -0.345097 0.336848 14.000000
-3.159786 12.217932 6.632875 -2.927588 1.341622 3.951053 0.530936 0.153319 -1.494124 0.154657 -1.092302 1.171952 0.881205 -0.097412 0.123427 -1.602208 1.551349 -0.218940 -0.707183 0.572297 -0.068782 0.139441 -0.392771 -0.567033 0.604911 0.381472 0.885492 -0.172714 -1.011873 -1.379456 0.653996 -0.353577 1.008307 -0.105427 -0.003805 0.512197 -0.551380 -0.243104 -0.443435 0.272451 14.000000
-2.993608 12.362899 7.128207 -2.976104 1.492837 3.885546 0.492656 0.318074 -1.434680 0.043008 -1.289419 1.135991 1.066130 0.003294 0.156359 -1.665819 1.497468 -0.233690 -0.722656 0.366608 -0.027377 -0.049510 -0.591295 -0.392416 0.426333 0.472380 0.934082 -0.119136 -1.003726 -1.284256 0.794958 -0.403285 1.070899 -0.206189 0.162555 0.413470 -0.468226 -0.319147 -0.388000 0.320940 14.000000
1.965285 9.262921 4.402346 -2.870826 0.599092 3.376692 0.390510 -0.699886 -1.874861 0.653578 -0.375163 1.862407 0.685199 -1.068193 1.385476 -1.294294 1.325000 1.713844 -0.406227 -0.119324 0.073031 0.183107 0.359184 -0.944974 0.680697 0.477055 1.028318 -0.283192 -1.290626 -1.630666 0.930268 -0.705107 1.745118 -0.193372 0.189175 0.598058 -0.665612 -0.687012 -0.064495 0.190917 14.000000
-2.578028 12.728040 6.304010 -3.074373 1.319736 3.847877 0.645163 -0.024489 -1.133984 0.077182 -0.928759 0.867067 1.021919 -0.220048 0.096121 -1.480109 1.381626 -0.202548 -0.781075 0.525105 -0.116672 0.050886 -0.114448 -0.162310 0.769620 0.523727 0.798272 0.077231 -1.041937 -1.282218 0.673057 -0.570909 1.316728 -0.404045 0.058978 -0.160668 -0.430593 -0.357112 -0.419765 0.214287 14.000000
-2.578028 12.728040 6.304010 -3.074373 1.319736 3.847877 0.645163 -0.024489 -1.133984 0.077182 -0.928759 0.867067 1.021919 -0.220048 0.096121 -1.480109 1.381626 -0.202548 -0.781075 0.525105 -0.116672 0.050886 -0.114448 -0.162310 0.769620 0.523727 0.798272 0.077231 -1.041937 -1.282218 0.673057 -0.570909 1.316728 -0.404045 0.058978 -0.160668 -0.430593 -0.357112 -0.419765 0.214287 14.000000
-5.478651 9.401179 5.993334 -0.329679 0.661356 3.160310 0.026574 0.894071 0.258096 -0.784188 -1.405315 0.798880 1.303168 -0.090157 0.202048 -1.496168 1.695308 -0.669626 -0.622366 0.349789 0.140345 -0.179553 -0.466600 -1.029683 0.156058 0.379966 1.046018 -0.486979 -0.802751 -1.353033 0.869161 -0.375135 1.203446 -0.177603 0.575292 0.599893 -0.459539 -0.359751 -0.480231 0.381805 14.000000
-3.105899 12.235039 6.886752 -2.883388 1.180627 4.011603 0.511099 0.199184 -1.545156 0.216450 -1.556073 1.437835 1.220103 -0.042030 0.144921 -1.586577 1.372957 -0.328741 -0.687568 0.407392 -0.144806 0.004502 -0.491682 -0.518282 0.415556 0.282530 0.925796 -0.461937 -0.836974 -1.267515 0.753494 -0.244386 1.027597 -0.025235 0.234161 0.580106 -0.542074 -0.369052 -0.278045 0.395240 14.000000
-2.327259 12.932933 6.136943 -3.057342 1.196991 3.802821 0.543467 -0.094786 -0.957271 0.121096 -1.014983 0.806811 1.121979 -0.178624 0.137536 -1.476333 1.220575 -0.227416 -0.803323 0.630179 -0.104236 0.081008 -0.012490 -0.164980 0.788364 0.505829 0.717623 0.018076 -1.001384 -1.241697 0.672809 -0.663741 1.395310 -0.606108 -0.006880 -0.295072 -0.466035 -0.335624 -0.450278 0.193278 14.000000
-2.866047 12.496010 6.967669 -2.969452 1.227906 3.924105 0.348452 0.026652 -1.333838 0.170870 -1.565713 1.271132 1.159780 0.166034 0.151589 -1.603165 1.224700 -0.234209 -0.711410 0.390842 -0.074755 -0.064004 -0.522914 -0.321335 0.395752 0.317179 0.786542 -0.311141 -0.979763 -1.245256 0.859748 -0.364973 1.026387 -0.314811 0.269959 0.377455 -0.648591 -0.393863 -0.229488 0.317469 14.000000
-2.758536 12.533675 6.700982 -3.023541 1.241618 3.916232 0.498436 -0.009991 -1.356757 0.088336 -1.272522 1.093038 1.168045 -0.002452 0.115608 -1.551538 1.329652 -0.294830 -0.765451 0.463352 -0.019794 0.047829 -0.322658 -0.381116 0.527432 0.448858 0.807889 -0.161575 -1.020114 -1.203686 0.656110 -0.469147 1.150204 -0.448822 0.105084 0.079404 -0.583252 -0.326791 -0.380748 0.327855 14.000000
0.715203 13.899097 3.531893 -1.258504 0.994024 2.716959 -0.564571 1.340843 -0.543641 1.273327 -0.986574 1.068637 0.882462 -0.139226 -0.118491 -1.454646 1.228620 0.217713 -0.433538 0.519494 -0.218135 -0.155848 -0.621612 -0.799857 0.851593 0.531615 1.253543 -0.517179 -1.665463 -1.207670 0.521245 -0.544301 0.794490 -0.353605 0.000094 0.221188 -0.512871 -0.336876 -0.678518 0.313088 15.000000
1.528652 13.680887 4.498239 -0.737588 3.050146 1.059128 -0.761547 1.040614 -1.054680 1.120420 0.105501 0.870162 0.955155 0.507049 -0.359068 -0.973609 1.447663 -0.171404 -0.098454 -0.019723 0.486148 -0.021643 -0.183097 -0.931307 0.774721 0.223887 0.774072 -0.154831 -1.108120 -1.387031 0.534934 0.099587 1.113866 -0.375426 0.202341 0.410497 -0.490582 -0.324603 -0.104431 0.428107 15.000000
1.878251 14.171542 4.450048 -0.702479 0.796378 2.364056 -0.280550 2.132544 -0.409635 0.846783 -1.401661 1.611137 0.430730 -0.701483 -0.211680 -1.701358 1.813387 0.115814 0.305706 0.377573 -0.381505 -0.436976 -0.431830 -0.479864 0.545526 0.273124 1.204554 -0.381273 -0.990809 -1.239732 0.608296 -0.634895 1.285387 -0.578115 -0.211865 0.325026 -0.467692 -0.409267 -0.408489 0.257817 15.000000
5.031267 8.403851 2.612530 -3.512371 0.310690 2.458872 -0.554476 0.693544 -0.725404 1.167861 -1.553013 0.989177 0.679438 -0.510111 0.985858 -1.159224 1.206188 0.703328 -0.353419 0.560558 0.055065 -0.120222 -0.387216 -0.920884 0.591991 0.271897 0.862423 -0.414487 -0.884520 -1.312382 0.646194 -0.827624 0.530250 -0.043418 0.018063 0.145748 -0.188134 -0.137921 -0.145597 0.411881 15.000000
0.721598 13.875787 4.357092 -1.351752 3.144178 1.282365 -0.700570 1.275965 -0.584621 1.189117 0.394912 0.792558 0.965342 0.150431 -0.210005 -1.262734 1.389683 -0.297556 0.089452 -0.072762 0.381280 0.035254 0.012941 -0.486878 0.676585 0.686725 0.664762 -0.428473 -0.935155 -1.535947 0.657132 -0.264025 1.222596 -0.118916 0.288975 0.173926 -0.502911 -0.340378 -0.316069 0.274784 15.000000
0.444564 14.449235 4.494454 -1.828202 1.072634 2.425074 -0.280420 1.814908 0.314472 0.991941 -1.190746 1.431536 0.847289 -0.787262 0.048017 -1.455036 1.486915 0.014755 -0.066896 0.619786 -0.469112 -0.265159 -0.412252 -0.515634 0.728533 0.457551 0.855246 -0.450259 -0.879036 -1.302225 0.543623 -0.810284 1.077178 -0.023652 0.139055 -0.057981 -0.425973 -0.309968 -0.666853 0.454607 15.000000
-3.457651 9.813715 3.360666 1.474228 -0.293186 2.260305 -0.240002 1.360822 0.406358 0.104544 -0.959558 1.065747 1.333344 -0.568227 -0.177626 -1.558135 1.459774 0.143032 -0.571373 0.301508 -0.339385 0.095163 -0.349618 -0.738283 0.587865 0.550014 1.391007 -0.330876 -1.013120 -1.639732 0.529796 -0.630955 1.196852 -0.638222 0.178561 0.137596 -0.301176 -0.302194 -0.225854 0.261943 15.000000
2.023752 14.139092 4.603405 -0.646570 0.780710 2.334449 -0.293875 2.130978 -0.435861 0.742755 -1.413791 1.578424 0.478100 -0.773020 -0.206622 -1.744535 1.872090 0.074480 0.211699 0.352665 -0.356790 -0.424056 -0.441465 -0.496336 0.653938 0.270004 1.164348 -0.343128 -0.912363 -1.221648 0.425302 -0.586573 1.286391 -0.444432 -0.215150 0.282860 -0.620564 -0.403908 -0.267726 0.200882 15.000000
0.588015 13.848265 4.465352 -1.438393 3.171787 1.294071 -0.643682 1.246055 -0.528761 1.200676 0.484708 0.756121 1.027176 0.126940 -0.215985 -1.217806 1.336248 -0.325533 0.108216 0.037130 0.321801 0.033455 0.050531 -0.471549 0.678271 0.692944 0.582917 -0.405387 -0.974472 -1.548344 0.623815 -0.309250 1.255080 -0.131667 0.286077 0.174010 -0.468903 -0.336028 -0.318745 0.287654 15.000000
0.706253 13.719409 4.176556 -1.315876 3.131724 1.353419 -0.770555 1.022013 -0.830690 1.272275 0.453720 0.701521 0.997350 0.158574 -0.204200 -1.277564 1.283424 -0.344377 -0.022881 -0.131531 0.411386 0.083023 -0.063879 -0.564581 0.530190 0.676774 0.655516 -0.479847 -1.070952 -1.581970 0.658260 -0.332399 1.188977 -0.281042 0.339382 0.235986 -0.360653 -0.330359 -0.328240 0.274128 15.000000
2.351272 13.894684 4.911551 -0.295248 0.342580 2.707349 -0.161420 2.053924 -0.804961 0.843456 -1.396063 1.233542 0.658768 -0.726219 -0.238017 -1.747152 1.846617 0.149210 0.129631 0.454607 -0.159116 -0.384219 -0.466132 -0.334189 0.607990 0.386475 1.183392 -0.328056 -0.989010 -1.232971 0.604807 -0.653815 1.373908 -0.631313 -0.251824 0.490648 -0.515236 -0.302810 -0.441286 0.206281 15.000000
