-2.124203 -0.009433 0.537789 -0.636488 -1.306945 -0.609530 -0.776678 0.589927 0.386194 0.553469 0.502508 -0.038952 0.322405 0.091608 -0.673538 0.246558 0.005417 0.760425 -0.366867 -0.031624 -0.047810 0.075787 0.353113 0.650909 0.075592 -0.334738 -0.181376 -0.219907 0.071017 -0.287991 -0.116755 0.498145 0.279469 -0.354153 -0.089478 -0.185525 -0.487352 -0.184605 0.283788 -0.029799 1.000000
-0.898153 1.337079 1.088142 -0.513378 -1.022286 0.176688 -0.043413 0.862778 0.057958 1.292622 0.442086 -0.419774 -0.087135 0.288695 -0.305814 0.291267 -0.205750 0.351390 -0.195401 0.333065 0.231631 0.014818 -0.322230 -0.138771 -0.407918 0.049827 0.017085 0.270276 -0.030227 0.097816 0.003228 0.042697 -0.075834 0.060051 0.129984 0.019701 0.102084 -0.044052 -0.090929 -0.049198 1.000000
-0.831790 1.308959 0.895019 -0.489909 -1.121031 0.119123 -0.113875 0.731117 0.035556 1.238358 0.384987 -0.509647 0.064463 0.409698 -0.391864 0.397343 -0.198497 0.355153 -0.095092 0.510403 0.155419 0.104874 -0.362904 -0.348647 -0.399801 -0.015535 -0.016416 0.158924 -0.035259 0.037456 -0.407887 -0.052207 -0.152232 -0.102998 0.082209 0.009750 0.038755 0.000453 0.125409 -0.029905 1.000000
-4.615939 -3.673521 -0.920267 2.703368 -0.401666 0.803102 -0.540955 1.020943 0.187489 0.485407 0.750361 -0.695153 0.399254 0.669614 0.088695 0.253830 -0.229732 0.214880 -0.321582 0.111947 -0.277549 -0.192034 0.176064 0.389597 0.367776 -0.085546 0.118580 -0.203802 0.597215 -0.527411 -0.224338 -0.120418 -0.584236 -0.326216 0.074098 0.036387 0.403038 -0.354301 -0.168540 0.282617 1.000000
-2.051987 0.335857 2.697932 -0.405438 -0.428846 -0.387905 -0.576897 0.762080 1.365624 0.376115 -0.325766 0.147391 -0.614191 -0.330739 -0.590622 -0.223339 0.306140 -0.053159 0.181577 -0.016541 0.092252 0.017265 0.294581 0.096948 0.154451 -0.573248 -0.098056 0.068028 -0.209039 -0.530661 -0.385720 0.389227 0.110328 -0.131958 -0.055798 -0.010308 0.094276 -0.106349 -0.282678 -0.206668 1.000000
-1.036885 1.252461 1.298716 -0.596571 -1.370857 0.227289 0.015365 0.860804 0.024062 1.351883 0.629951 -0.650163 -0.140409 0.354883 -0.294288 0.577106 -0.198306 0.396738 0.026542 0.491596 0.435599 -0.062360 -0.122183 -0.042155 -0.012074 0.044586 0.044876 -0.026904 -0.111092 0.350332 0.238436 -0.006454 -0.026569 0.112113 -0.085949 0.104490 0.017675 0.010079 -0.146059 0.019326 1.000000
3.822199 -5.040558 -2.432374 -3.153413 -0.142688 0.794085 -0.891256 -0.457084 0.760434 1.005358 0.000833 -0.375485 0.108080 0.312303 -0.147344 0.419560 -0.565727 0.162444 -0.389183 0.115282 0.437490 0.247447 -0.073061 -0.475793 0.016190 0.138260 0.555371 -0.116222 -0.002371 -0.357239 0.167478 0.318481 -0.040776 0.372525 0.440431 -0.093204 -0.138320 0.127140 0.092011 0.067803 1.000000
-0.996038 1.312542 1.138570 -0.592766 -1.150858 0.126995 -0.070593 0.821146 0.135969 1.240133 0.577450 -0.595108 0.063040 0.270410 -0.254295 0.256591 -0.037897 0.357581 0.028407 0.465826 0.374045 -0.012697 -0.184782 -0.180090 -0.258298 0.038131 -0.039526 0.203041 -0.037138 -0.000264 0.144966 0.111915 0.029017 0.220081 -0.147378 0.013063 0.055997 -0.154403 -0.139101 0.072716 1.000000
-1.203504 1.129105 1.329640 -0.629376 -1.259435 0.012981 -0.236937 0.862687 0.195481 1.288660 0.552524 -0.587977 0.052389 0.241916 -0.334583 0.415254 -0.144780 0.435831 -0.018376 0.356201 0.254790 0.060744 -0.205284 -0.253872 -0.311097 -0.093115 -0.024234 0.221306 0.060166 0.040759 -0.035531 0.111923 -0.003227 -0.042765 -0.097263 0.047090 -0.000606 0.031562 -0.064396 -0.058906 1.000000
-1.497693 0.923767 1.729899 -0.785618 -1.178952 0.080843 -0.271110 0.508212 0.131033 1.142882 0.580057 -0.585799 -0.021829 0.398499 -0.214446 0.820630 -0.403410 0.444969 -0.036011 0.184661 0.328873 -0.120234 -0.060552 -0.003890 0.192229 -0.069925 0.156138 -0.167846 -0.093282 0.429751 0.234988 -0.240714 0.159380 -0.275189 -0.148309 0.329064 0.151548 0.242927 0.195451 -0.202848 1.000000
-1.464584 0.920285 1.560515 -0.662723 -1.084258 -0.177457 -0.430754 0.770947 0.357519 1.140655 0.413104 -0.492798 0.097998 0.124848 -0.294611 0.320544 -0.146242 0.443205 -0.063519 0.202611 0.067072 0.056775 -0.228450 -0.318605 -0.491011 -0.261642 0.024392 0.186346 0.305139 -0.087362 -0.251570 0.112288 0.086054 -0.227676 -0.041853 0.056191 -0.091679 0.162843 0.051836 -0.157108 1.000000
-2.619319 0.034194 2.408426 -1.250764 -1.178049 -0.055993 -1.685103 0.694006 1.281974 -0.555090 -0.240987 0.379848 0.158382 0.018971 -0.371338 -0.310756 -0.364307 -0.225857 0.191172 0.074393 0.078071 -0.174057 0.207136 0.590162 0.469992 -0.057521 -0.158347 -0.226519 -0.129416 0.051526 -0.194347 0.059177 -0.151893 0.203772 0.144492 -0.147737 0.033882 -0.029312 -0.107485 -0.100003 2.000000
-2.749501 0.056428 0.577576 -1.142459 -0.614768 0.582473 -0.510965 -0.260076 -0.000759 0.288707 -0.025261 0.244038 1.023961 0.341870 0.525294 -0.021103 -0.005880 0.104015 0.122710 -0.234546 -0.159404 0.297863 -0.299878 -0.417118 -0.224943 0.383924 0.250800 0.118422 -0.032168 -0.077733 -0.079086 -0.212852 0.342369 -0.051605 0.110188 0.195515 0.019533 -0.048633 0.025405 0.134633 2.000000
-3.592688 -0.913789 1.673765 -0.856945 -0.671963 0.534167 -1.150609 -0.405021 0.833398 -0.628058 -0.549037 0.535978 0.481567 0.068947 -0.237334 0.089709 -0.454588 -0.167670 0.375159 0.134942 -0.149832 0.118052 -0.270258 0.062348 -0.009160 0.206249 -0.192443 -0.129630 -0.136423 0.060456 -0.123113 -0.242582 -0.242281 -0.063953 -0.117494 -0.004275 0.064085 0.152810 0.118861 0.036215 2.000000
-5.106695 -3.257199 1.073966 1.714645 0.287507 0.808720 -0.884042 1.132845 1.056145 -0.020677 -0.423647 -0.113035 -0.088168 0.026951 0.169887 -0.808819 -0.176031 -0.633010 0.100520 0.092904 0.313024 -0.036023 0.012217 -0.029668 0.422103 -0.058014 0.038985 0.235777 -0.426014 0.203265 -0.249603 0.090559 -0.013577 0.118876 0.140667 -0.254994 -0.055049 -0.330423 -0.074274 -0.096517 2.000000
-3.405184 -0.665279 1.403849 -1.088898 -0.599101 0.442765 -1.207097 -0.249948 0.797817 -0.618400 -0.347193 0.574408 0.862424 0.124175 -0.114285 -0.190316 -0.237259 -0.179121 0.195633 -0.253010 0.000806 0.227824 -0.082320 -0.059477 0.085203 0.169191 -0.137013 0.036378 -0.060472 0.011112 -0.123583 0.009367 0.042730 0.025640 -0.101722 -0.072153 0.075401 -0.033782 -0.089922 -0.031756 2.000000
-3.405184 -0.665279 1.403849 -1.088898 -0.599101 0.442765 -1.207097 -0.249948 0.797817 -0.618400 -0.347193 0.574408 0.862424 0.124175 -0.114285 -0.190316 -0.237259 -0.179121 0.195633 -0.253010 0.000806 0.227824 -0.082320 -0.059477 0.085203 0.169191 -0.137013 0.036378 -0.060472 0.011112 -0.123583 0.009367 0.042730 0.025640 -0.101722 -0.072153 0.075401 -0.033782 -0.089922 -0.031756 2.000000
0.155268 -2.310852 0.275143 -2.596931 0.360205 0.192622 -1.464445 -0.643017 1.106160 -0.050470 -0.368046 0.450467 0.207366 0.022942 -0.745490 -0.074285 -0.198660 0.045678 0.045589 0.095067 0.120746 0.058755 -0.098334 0.096069 0.012070 -0.609036 0.149366 0.003721 -0.638534 0.082411 0.350662 -0.055077 -0.362574 0.265147 0.283877 -0.110627 0.160576 -0.167754 0.295961 -0.339007 2.000000
-3.413932 -0.634828 1.468590 -1.027338 -0.733068 0.507862 -0.959499 -0.420026 0.674400 -0.343718 -0.351232 0.490400 0.730326 0.051935 0.026262 -0.045790 -0.201646 -0.198199 0.279841 -0.148167 -0.094099 0.291641 -0.174302 -0.169433 -0.033142 0.130443 -0.058973 0.045016 -0.125571 0.009273 -0.119247 -0.144289 -0.042816 -0.071813 -0.168797 0.067162 0.103915 0.034737 0.004114 0.122221 2.000000
-3.387918 -0.626255 1.358416 -1.105169 -0.558644 0.446265 -1.226221 -0.221506 0.780000 -0.615710 -0.327046 0.558843 0.874901 0.109684 -0.108077 -0.220150 -0.217368 -0.198547 0.146162 -0.305299 0.025593 0.230032 -0.048362 -0.039886 0.116815 0.180250 -0.099553 0.025284 -0.071072 0.053143 -0.080306 0.008594 0.069663 0.047177 -0.064672 -0.059626 0.040841 -0.050597 -0.091891 -0.023999 2.000000
-3.241994 -0.574245 1.159520 -1.047669 -0.868483 0.458602 -0.942930 -0.572370 0.167290 -0.416982 -0.249126 0.077094 0.608519 0.439801 0.084812 0.845283 -0.780441 -0.133191 0.525370 0.035573 -0.428396 -0.000995 -0.128199 0.027351 0.134188 0.650436 -0.388133 -0.236252 0.056776 -0.103245 0.387161 -0.268448 0.214804 -0.301410 -0.150527 0.155347 0.268468 0.458754 0.149240 0.027165 2.000000
-3.204337 -0.296903 0.905844 -1.169151 -0.585120 0.402098 -1.021042 -0.190640 0.377343 -0.040243 -0.194278 0.481798 1.028071 0.079463 0.251012 -0.139755 -0.054115 -0.085094 -0.037481 -0.423849 -0.052964 0.313436 -0.177346 -0.310705 -0.040178 0.195252 0.147088 0.072257 0.133252 -0.033915 -0.121319 -0.171237 0.372874 -0.018677 -0.005624 0.204534 -0.111763 -0.033216 -0.025711 0.056255 2.000000
-1.257667 1.123167 -0.954563 -0.834176 0.782683 -0.669499 -0.126857 0.385151 -0.926078 0.595838 0.388749 0.076443 0.301583 -0.561448 -0.294034 -0.272812 0.211759 -0.145447 -0.444818 -0.214620 -0.472312 0.021357 0.141979 0.190644 -0.127335 -0.230564 -0.150487 -0.305860 -0.356995 0.049363 0.137036 0.028556 -0.305430 -0.127809 -0.089726 0.105289 -0.152798 0.132333 -0.008447 -0.126558 3.000000
-0.305937 1.848388 -1.081973 -0.186044 1.466582 -0.250978 -0.286416 0.642333 -0.408433 0.472392 0.261034 0.297685 0.325449 -0.285611 -0.229213 -0.017407 0.384341 -0.211273 -0.581620 -0.356589 -0.553470 0.423064 0.109008 0.203225 0.108775 0.237723 0.205661 -0.348286 -0.194965 0.341271 -0.167844 0.364385 -0.560338 -0.627579 -0.134173 -0.010188 -0.020760 0.257974 0.269024 0.130317 3.000000
0.973671 2.118040 -1.234607 0.831859 0.837889 -0.591604 -0.290789 0.996407 0.354420 0.125529 0.220698 0.495169 -0.331407 -0.348150 -0.480300 0.572949 -0.327672 -0.278389 -0.210186 -0.169279 -0.603182 0.081194 -0.075748 -0.226848 0.184006 0.107762 0.011854 0.084410 -0.162772 -0.003607 0.065474 -0.116368 0.050175 0.051587 -0.030475 0.051688 0.053164 -0.100517 -0.020865 -0.015835 3.000000
-4.614941 -3.791417 -1.674368 2.585260 1.559659 0.285562 -0.115239 0.581296 -0.513112 0.108111 0.691199 -0.207064 0.226993 0.137298 -0.056417 -0.243175 0.513853 -0.210219 0.127696 -0.271280 -0.123116 0.276670 0.175479 -0.108144 -0.203178 -0.068241 -0.223902 0.225290 -0.255907 0.313464 0.341562 0.271645 0.102084 -0.070342 -0.301958 -0.204673 -0.229666 0.597914 0.278383 -0.371900 3.000000
0.978752 2.232998 -1.098898 0.926793 0.640826 -0.395244 -0.255214 1.060106 0.519741 0.261998 0.195256 0.448347 -0.237145 -0.413181 -0.456893 0.510731 -0.197575 -0.355773 -0.222224 -0.019481 -0.592555 0.188637 -0.127042 -0.337754 0.067610 -0.034944 0.070070 0.022796 0.069277 -0.015149 -0.113555 -0.136139 0.042962 0.020796 -0.030721 -0.093967 -0.061198 -0.056750 -0.033901 0.027072 3.000000
0.978752 2.232998 -1.098898 0.926793 0.640826 -0.395244 -0.255214 1.060106 0.519741 0.261998 0.195256 0.448347 -0.237145 -0.413181 -0.456893 0.510731 -0.197575 -0.355773 -0.222224 -0.019481 -0.592555 0.188637 -0.127042 -0.337754 0.067610 -0.034944 0.070070 0.022796 0.069277 -0.015149 -0.113555 -0.136139 0.042962 0.020796 -0.030721 -0.093967 -0.061198 -0.056750 -0.033901 0.027072 3.000000
4.545759 -4.267688 -2.984568 -3.141650 1.424909 0.588098 -0.119808 -0.528162 0.081132 1.126612 -0.351055 -0.229844 -0.225265 -0.932237 0.024111 -0.242357 -0.257060 0.054038 -0.449828 0.072884 -0.095006 0.299835 0.040339 -0.288361 0.124784 -0.021500 0.116773 -0.324737 -0.107736 -0.050269 0.016708 0.134059 -0.028568 -0.247956 -0.288746 0.063223 -0.166360 0.191859 -0.130981 -0.112711 3.000000
0.710964 2.117372 -1.164302 0.722103 0.631836 -0.349963 -0.111373 1.027316 0.307977 0.277143 0.151911 0.425577 -0.169498 -0.539793 -0.457882 0.349010 -0.068782 -0.559414 -0.244329 0.110247 -0.664724 0.302830 -0.037155 -0.363632 0.089459 -0.051751 0.089348 -0.078023 0.177163 0.052427 -0.239675 -0.090899 -0.073749 -0.095029 -0.130812 0.126636 -0.132738 0.044650 -0.111705 0.004040 3.000000
0.779884 2.112443 -1.178588 0.702068 0.882980 -0.572511 -0.282513 1.078574 0.185910 0.238437 0.279844 0.489258 -0.400998 -0.376504 -0.475774 0.602133 -0.282904 -0.284385 -0.211319 -0.125034 -0.571336 0.088097 -0.088735 -0.238615 0.156842 0.168509 0.022737 0.024893 -0.175669 0.063376 0.102449 -0.028356 -0.006362 0.019334 -0.028916 -0.044151 0.037857 -0.069542 -0.108335 0.034076 3.000000
1.784736 2.089842 -0.708136 1.458025 0.033076 -0.113730 -0.001705 0.077873 0.699352 0.003403 -0.258665 -0.278724 -0.330696 -0.188411 -0.718269 0.461339 -0.333718 -0.443265 0.345504 -0.113915 -0.558332 0.107009 0.066651 -0.464422 0.111585 -0.403902 -0.123897 -0.065019 -0.110024 0.036958 -0.070392 -0.323459 0.179288 -0.086744 0.140935 -0.047146 -0.098011 -0.072307 -0.303049 0.392859 3.000000
0.848133 2.025462 -1.209354 0.716027 0.998185 -0.630278 -0.291009 0.858031 0.088044 0.144303 0.223078 0.478006 -0.562897 -0.340661 -0.570620 0.691414 -0.497995 -0.164894 -0.061380 -0.232983 -0.580379 -0.013825 -0.120387 -0.218434 0.096462 0.273431 -0.036341 0.087287 -0.294452 0.037607 0.250900 -0.041663 0.015389 0.173955 0.051752 -0.019080 0.117695 -0.190726 -0.097419 -0.055208 3.000000
-1.902034 0.555075 0.107641 -1.589104 -0.806834 -0.123946 -1.059615 0.180781 -0.691695 -0.447505 0.789376 -0.482531 -0.394106 -0.382333 0.388327 -0.101926 -0.020927 0.140828 0.129526 -0.048926 -0.218677 0.051410 0.123590 0.382012 0.058928 0.209057 0.055876 -0.052338 -0.236330 -0.134140 -0.072543 0.034748 0.269393 -0.027813 0.036304 -0.041761 -0.080769 -0.097692 0.170500 0.217275 4.000000
-2.539040 -0.133843 0.535732 -1.488128 -0.744309 0.045882 -0.994238 -0.624898 -0.579818 -1.300626 0.517841 -0.427883 -0.644327 -0.466820 0.275697 0.294061 -0.153951 -0.106482 0.021205 -0.013760 -0.330135 0.003806 -0.123961 0.155354 -0.094388 0.309469 0.029453 -0.042688 0.235782 0.187830 0.018430 0.041474 -0.207103 0.218010 -0.022476 -0.003213 -0.222197 0.021465 0.028859 -0.130162 4.000000
-2.408118 0.046067 0.343410 -1.644981 -0.572233 -0.221033 -0.919839 -0.414925 -0.756345 -1.082954 0.500244 -0.685593 -0.547773 -0.473596 0.242619 0.098346 0.056100 -0.047004 0.018619 0.034872 -0.125095 0.008335 -0.046947 -0.108107 -0.086588 -0.032362 -0.122995 0.133515 0.086819 0.140615 -0.148669 0.013242 -0.077254 -0.023495 -0.002556 0.008097 -0.103361 -0.004058 0.087122 0.153908 4.000000
-4.333188 -2.953917 -0.763878 1.589952 -0.464205 0.379357 -0.490199 0.706577 -0.120801 -0.290501 0.829302 -0.499143 -0.650604 -0.275512 0.688667 0.009815 0.049952 0.646273 0.202688 0.349279 -0.551708 -0.136276 0.409553 0.748247 0.400700 0.023108 0.693999 -0.407442 0.330465 -0.128607 -0.329416 -0.561107 0.107903 0.124215 0.196016 -0.165340 0.516903 0.185494 -0.112604 -0.240391 4.000000
-2.099192 0.356251 0.022199 -1.589124 -0.446780 -0.167814 -0.697753 -0.278182 -0.886621 -0.813624 0.640948 -0.671244 -0.444119 -0.461267 0.457367 -0.147581 0.215789 -0.009232 -0.051555 0.031950 -0.053957 0.005116 -0.086149 -0.157321 -0.089704 0.101407 0.006337 0.162759 -0.085003 -0.172791 -0.014020 -0.093003 0.104868 -0.001508 0.029550 0.008233 0.068002 -0.097438 -0.027944 0.174401 4.000000
-2.623053 -0.206929 0.564989 -1.579223 -0.542046 -0.341311 -1.050723 -0.513023 -0.554840 -1.280703 0.306817 -0.647888 -0.749889 -0.577611 0.014631 0.142204 -0.027056 -0.053851 0.025977 -0.001760 -0.068476 -0.074386 -0.069501 -0.028806 -0.104191 -0.180663 -0.252077 0.146658 0.104729 0.180841 -0.061186 0.151783 -0.122868 0.085883 -0.033304 -0.066676 -0.185762 0.008198 -0.036630 0.026535 4.000000
3.497118 -4.451397 -2.810594 -3.430127 0.063365 0.832725 -0.595105 -0.703143 0.111738 0.534682 -0.040484 -0.315001 -0.261456 -0.324880 0.252309 -0.016185 -0.272992 0.007700 -0.415404 0.125825 0.122501 0.235731 -0.050681 -0.492428 0.217024 0.288365 0.428269 -0.156502 -0.288165 -0.433645 0.029651 0.162686 0.111426 0.090714 0.399744 0.046242 -0.065153 0.130514 -0.130631 0.205230 4.000000
-2.623053 -0.206929 0.564989 -1.579223 -0.542046 -0.341311 -1.050723 -0.513023 -0.554840 -1.280703 0.306817 -0.647888 -0.749889 -0.577611 0.014631 0.142204 -0.027056 -0.053851 0.025977 -0.001760 -0.068476 -0.074386 -0.069501 -0.028806 -0.104191 -0.180663 -0.252077 0.146658 0.104729 0.180841 -0.061186 0.151783 -0.122868 0.085883 -0.033304 -0.066676 -0.185762 0.008198 -0.036630 0.026535 4.000000
-2.516270 -0.037738 0.696838 -1.508003 -0.630615 -0.082360 -1.082051 -0.426726 -0.487596 -1.228242 0.599743 -0.676807 -0.667625 -0.592688 0.206667 0.171215 -0.095324 -0.009421 -0.001472 0.126548 -0.049686 -0.069238 -0.084886 -0.011794 0.135766 0.123699 -0.001291 0.027121 0.061415 0.258416 0.008374 -0.041033 -0.098422 0.127147 -0.130355 -0.072469 -0.141863 -0.062580 0.048087 0.003338 4.000000
-2.332053 0.057022 0.122389 -1.540482 -0.392270 -0.332177 -0.782479 -0.446636 -0.839106 -1.031436 0.523505 -0.782382 -0.674683 -0.490664 0.398967 0.072872 0.110290 -0.004299 -0.128409 -0.047537 -0.010376 0.103516 -0.104521 -0.225024 -0.016589 -0.015953 -0.003091 0.127366 -0.007678 0.103479 -0.050580 -0.079709 0.008625 0.015609 -0.094473 0.014886 -0.041846 -0.044684 0.005731 0.078578 4.000000
-2.303702 0.177976 0.020808 -1.650511 -0.270299 -0.342451 -0.884978 -0.408667 -0.901075 -0.949836 0.419224 -0.696903 -0.474599 -0.437908 0.355341 -0.089416 0.094710 0.011806 -0.106629 -0.013927 -0.128569 0.018159 -0.193126 -0.183099 -0.184461 -0.021608 -0.056366 0.133082 -0.015457 -0.213074 -0.108648 -0.022730 0.082520 -0.033220 0.106743 -0.016069 0.003024 -0.135092 0.002337 0.054229 4.000000
-1.873129 0.420165 1.931629 -0.555114 0.516755 -0.224297 0.568881 -0.254774 0.123133 0.392624 -0.114531 0.389884 -0.285090 -0.355034 0.329322 -0.033631 0.033419 0.212112 0.063712 -0.320451 -0.299704 -0.359977 0.131816 0.124489 0.157187 -0.381535 0.082116 -0.134933 -0.050188 -0.052165 -0.016422 0.026434 -0.021646 0.119924 0.242161 -0.008391 -0.208675 -0.091879 0.124577 -0.201044 5.000000
-1.472777 0.860318 2.089704 -0.454971 1.023365 0.553281 1.109670 -0.693489 -0.115405 0.456194 -0.023297 0.435284 0.007375 -0.191416 0.408471 0.228269 -0.320187 0.147764 0.072069 -0.137251 -0.244656 -0.439440 0.091477 0.071872 0.156559 0.014924 0.063024 0.014581 -0.048572 -0.005896 0.057327 0.033100 -0.050462 -0.013774 -0.002047 -0.019338 -0.071216 -0.053327 0.064744 0.067683 5.000000
-1.501290 0.864390 2.095077 -0.504390 0.846415 0.667674 1.176148 -0.863442 -0.090333 0.560089 -0.014642 0.436930 0.087274 -0.182328 0.460510 0.249245 -0.222826 0.216590 0.176582 -0.000256 -0.207907 -0.409320 0.063511 -0.079190 0.003134 -0.107143 0.122996 0.127097 0.006325 -0.009289 -0.105061 -0.012351 -0.152856 -0.144065 -0.005074 -0.008745 -0.054613 0.021766 0.021710 0.062152 5.000000
-4.411657 -3.077992 1.131616 2.685052 1.025355 1.092125 0.314976 0.580001 0.461951 0.804366 0.191607 -0.141133 -0.398200 0.089035 0.583968 0.103985 -0.199606 0.187263 0.364353 0.171412 -0.127867 -0.367509 -0.150093 -0.141019 0.080453 0.301285 -0.032954 0.282469 -0.221269 0.031239 -0.026734 0.144195 0.457590 0.039845 0.227883 -0.311199 -0.457825 0.217098 0.104765 -0.603846 5.000000
-1.588455 0.757302 2.269919 -0.436668 0.955560 0.476794 1.129092 -0.727538 -0.050715 0.456725 -0.120055 0.436455 -0.133294 -0.242603 0.427970 0.332426 -0.359949 0.184191 0.132620 -0.099820 -0.174138 -0.545156 0.081531 0.011429 0.257854 -0.012578 0.057970 0.029408 -0.030940 0.082857 0.085608 0.011919 -0.015223 -0.000680 -0.031286 -0.022514 -0.014926 -0.029062 0.065762 0.022062 5.000000
-1.409839 0.933899 2.084572 -0.442846 0.895371 0.594221 1.230948 -0.752934 -0.124070 0.560178 0.007475 0.385753 -0.038242 -0.193006 0.486287 0.311444 -0.305316 0.196659 0.129839 -0.025989 -0.182591 -0.463676 0.100998 0.025865 0.171770 -0.021858 0.085719 0.059894 -0.003657 -0.001043 0.062110 0.017877 -0.069049 -0.033614 -0.062053 -0.022810 -0.038939 -0.017678 0.012193 0.060286 5.000000
3.793798 -5.005626 -1.770910 -2.911024 1.222524 0.990898 0.196827 -1.338591 0.863173 0.805305 -0.043927 0.153492 0.004952 -0.539540 0.194662 0.208251 -0.439328 -0.052176 -0.209226 0.070126 -0.034805 -0.164020 0.162916 -0.262363 0.187567 -0.331888 0.223756 0.020840 0.061361 -0.238879 0.187084 -0.003316 -0.309277 0.158422 -0.086307 0.028966 -0.035623 0.043262 -0.012897 0.042341 5.000000
-1.364529 0.984021 1.999657 -0.446029 0.874764 0.685896 1.202684 -0.788059 -0.095838 0.577562 -0.007808 0.432517 0.091438 -0.166300 0.483613 0.183720 -0.207896 0.210792 0.159745 0.008964 -0.195181 -0.442307 0.038883 -0.039458 0.030539 -0.013132 0.128278 0.138595 0.055291 -0.119931 0.006021 0.066769 -0.090830 -0.034011 -0.030964 -0.040776 -0.123671 -0.022261 -0.135900 0.048289 5.000000
-1.346575 0.980426 1.985859 -0.432399 0.901709 0.635886 1.234620 -0.750638 -0.126487 0.586461 -0.001439 0.401240 0.066202 -0.140198 0.485858 0.215438 -0.237890 0.222510 0.105361 -0.009338 -0.175990 -0.435165 0.041759 -0.003729 0.132172 -0.004782 0.102476 0.086682 0.024916 -0.057837 -0.001815 0.026638 -0.073375 -0.014619 -0.041935 -0.034995 -0.111178 -0.005622 -0.096276 0.046291 5.000000
-1.721041 0.654860 2.139573 -0.562317 0.822928 0.524792 1.046467 -0.828295 -0.002294 0.283207 -0.061862 0.551597 -0.017755 -0.309550 0.345678 0.221732 -0.298851 0.184502 0.242285 -0.097701 -0.165853 -0.557386 0.123682 -0.117419 0.027220 -0.063344 0.011982 0.160262 0.016176 -0.077671 0.054592 0.169788 0.014373 -0.102470 0.018741 -0.041294 0.044772 -0.115355 -0.027730 0.065046 5.000000
-1.498102 0.832163 2.069771 -0.506713 0.890811 0.582276 1.139659 -0.784254 -0.152302 0.474963 0.008648 0.440658 0.019114 -0.182530 0.480209 0.246464 -0.289244 0.202740 0.169504 -0.037842 -0.167016 -0.521129 0.051520 -0.007619 0.104320 -0.028359 0.075467 0.100638 -0.021519 -0.004289 0.049735 0.036865 -0.070405 -0.016044 -0.054900 -0.009496 -0.024758 -0.009789 0.003548 0.078958 5.000000
4.235677 -0.183375 1.838793 1.644038 -0.971666 -0.062587 -1.161163 0.958303 -0.290958 0.926658 -1.760331 -0.460895 0.169269 -1.424974 0.640579 1.301580 0.852721 -0.139568 0.081936 -0.018520 0.378501 -0.066189 0.291719 0.078637 -0.034363 0.124648 -0.326456 -0.372999 -0.102800 -0.270370 0.205224 0.018050 0.084082 0.178194 0.248986 0.021171 0.228311 -0.134010 0.225045 0.019786 6.000000
6.479246 -3.041559 2.579482 -1.009039 -0.154128 0.793953 1.266927 1.717845 0.031025 -0.960300 0.504532 -0.051471 -0.229365 0.367598 -0.196873 -0.431906 -0.368802 0.090258 0.004182 -0.288712 -0.028182 -0.165210 1.299413 -0.481983 -0.433136 0.511936 -0.344624 -0.114874 -0.074668 0.024991 -0.206644 -0.065167 -0.233962 0.116546 0.001658 0.065548 -0.000377 -0.023428 0.138986 0.008281 6.000000
6.032018 -2.529870 2.270407 0.003715 -0.235148 0.441315 0.867721 0.866723 -0.900278 -1.077928 -0.037132 0.005849 0.546854 -0.111103 -0.257701 0.174163 0.168166 0.110862 0.075606 0.004022 -0.067261 0.146477 -0.776516 0.280636 0.222695 -0.272954 0.196055 -0.004422 -0.044872 0.037332 0.129363 0.008121 0.071789 -0.124090 0.065912 -0.166372 0.025376 0.027820 -0.044478 0.089617 6.000000
-0.983992 -4.547921 -0.718762 3.798556 0.592460 0.845951 -1.086188 -0.223265 -1.358549 0.215383 -1.400633 0.096731 0.618607 -0.789286 0.216657 1.131492 0.460667 0.159375 -0.072749 -0.383097 0.215767 -0.478422 -0.042392 -0.754819 -0.411109 -0.085869 -0.654249 -0.285071 0.258217 0.503910 -0.364760 0.587088 -0.024257 0.160327 0.245921 0.161081 0.513890 -0.064603 -0.052659 -0.051976 6.000000
6.001626 -2.452852 2.150613 0.216201 -0.332205 0.374330 0.732374 0.741541 -1.013816 -1.001880 -0.129331 0.036032 0.600872 -0.239626 -0.205267 0.237587 0.301398 0.103580 0.040717 0.073376 -0.057014 0.135237 -0.947782 0.256923 0.276404 -0.338192 0.206748 0.047975 0.046410 -0.040538 0.165922 0.061064 0.108249 -0.070988 0.016719 -0.139455 0.012256 0.002859 -0.113483 0.041798 6.000000
6.001626 -2.452852 2.150613 0.216201 -0.332205 0.374330 0.732374 0.741541 -1.013816 -1.001880 -0.129331 0.036032 0.600872 -0.239626 -0.205267 0.237587 0.301398 0.103580 0.040717 0.073376 -0.057014 0.135237 -0.947782 0.256923 0.276404 -0.338192 0.206748 0.047975 0.046410 -0.040538 0.165922 0.061064 0.108249 -0.070988 0.016719 -0.139455 0.012256 0.002859 -0.113483 0.041798 6.000000
6.312580 -1.853037 0.925550 0.742747 -0.831733 -0.563236 -0.731245 0.609274 0.114105 1.063170 -1.166993 -0.548684 0.517539 -1.197510 0.558800 1.090529 0.962697 -0.713117 0.236654 -0.136900 0.564495 -0.086886 0.482029 1.014512 -0.343300 0.684526 0.397706 0.711281 -0.308773 -0.145230 -0.429837 -0.519819 -0.339248 -0.203325 -0.238232 -0.070623 -0.370281 0.254556 -0.116157 0.030931 6.000000
6.254025 -2.699314 2.299759 -0.123774 -0.287132 0.462531 0.892899 1.123839 -0.821333 -1.149218 0.096915 0.107410 0.450699 -0.061200 -0.285582 -0.003645 0.005175 0.167957 -0.016990 -0.079446 -0.140931 0.092822 -0.388348 0.053214 0.020239 -0.232664 0.069650 0.015829 0.054512 0.025641 0.057080 -0.009130 0.092777 -0.045228 0.094675 -0.117422 -0.017365 -0.034743 -0.012098 -0.005440 6.000000
6.149626 -2.712270 2.595700 -0.540830 -0.173860 0.718968 1.219955 1.408244 -0.434752 -1.203406 0.374200 0.026936 0.029850 0.296578 -0.252909 -0.210624 -0.252151 0.198648 0.059556 -0.139009 -0.200824 -0.026974 0.206972 -0.188476 -0.095197 0.001407 -0.050208 -0.012526 0.071392 0.115673 0.004765 -0.165089 0.133590 0.048808 -0.039240 -0.018966 -0.023538 -0.116804 0.072217 -0.060233 6.000000
6.403154 -3.021929 2.565784 -1.026868 -0.116485 0.661787 1.354535 1.650919 0.053554 -1.095818 0.504763 -0.143142 -0.115148 0.383539 -0.117509 -0.444149 -0.522720 0.038853 0.081005 -0.118578 0.093544 -0.150662 1.204553 -0.583661 -0.364419 0.485549 -0.147645 -0.256348 -0.118278 0.025823 -0.219918 -0.053339 -0.065242 0.049109 -0.136040 0.179363 0.005891 -0.002085 -0.013029 -0.002112 6.000000
6.439148 -2.813998 2.189346 -0.164436 -0.335095 0.456137 0.976493 1.209716 -0.808676 -1.155880 0.225984 0.024584 0.380566 0.033817 -0.295356 -0.026999 -0.002413 0.146814 -0.035791 -0.284909 -0.332394 0.108011 -0.171235 0.002494 -0.019289 -0.116318 0.071402 -0.011324 -0.006660 -0.081074 0.025516 -0.015955 0.058828 0.008595 0.029082 -0.014972 -0.099749 0.044204 0.062189 -0.065910 6.000000
0.252417 1.634920 -2.277696 -0.325837 -0.385316 0.526322 0.131277 -0.311403 -0.780593 -0.730160 -0.495242 0.061961 0.250438 0.738160 0.128365 0.337984 0.000722 0.013104 0.176274 0.280341 0.045839 -0.077158 0.063464 0.150755 0.231042 -0.157150 -0.074490 -0.309124 -0.270228 0.031546 -0.349181 0.171332 -0.288923 -0.238830 0.285789 0.254868 -0.338265 -0.223496 0.229550 -0.074575 7.000000
1.622027 2.149527 -1.513917 0.907046 0.088792 0.234192 0.125443 -0.471065 0.755961 -0.864986 0.083272 0.073472 0.533369 0.191837 0.044982 0.185735 -0.054404 0.070128 0.419879 0.149354 0.548024 -0.007343 0.043255 -0.333207 0.031095 -0.316492 0.303552 -0.075180 0.089360 -0.076606 -0.513647 -0.107621 -0.178887 0.130024 -0.141698 -0.146432 -0.145488 0.040669 0.172922 0.053356 7.000000
0.291993 2.199893 -1.317216 -0.129728 0.667374 0.225534 -0.038182 0.406955 0.212607 -0.603440 0.193045 0.402926 0.490187 0.281681 0.558216 0.132878 0.439520 0.170760 0.366887 0.570205 0.387216 0.033771 -0.079311 -0.359259 -0.002128 -0.294204 0.069169 -0.242023 0.146448 -0.141090 -0.598900 -0.007937 -0.239412 -0.093857 0.001558 -0.067766 -0.364833 -0.013156 0.042145 0.018506 7.000000
-3.876415 -3.311772 -2.790473 2.492729 1.260616 0.371425 0.287673 -0.233748 -0.408035 -0.699701 0.787759 -0.036258 0.835682 0.397069 0.043911 0.181058 0.140003 0.190058 0.199388 0.241024 0.205744 -0.121303 -0.185459 -0.340861 0.021858 -0.169347 -0.302778 -0.045954 0.048172 0.009750 -0.230284 0.016734 -0.335684 0.132871 -0.033005 -0.028011 -0.280424 0.215977 -0.333792 0.030191 7.000000
1.031355 2.026306 -1.873062 0.449963 0.649454 -0.285807 -0.066289 0.267570 0.197722 -1.113234 0.152107 0.352991 -0.134020 0.168848 0.269947 0.538885 -0.012430 -0.106117 -0.081235 -0.106162 0.556213 -0.238445 -0.015948 -0.144131 0.153931 -0.127021 0.106922 -0.299267 0.039505 -0.190946 -0.158108 0.040667 0.145632 0.030390 -0.237628 0.175820 -0.107335 0.027209 -0.082578 -0.172188 7.000000
1.031355 2.026306 -1.873062 0.449963 0.649454 -0.285807 -0.066289 0.267570 0.197722 -1.113234 0.152107 0.352991 -0.134020 0.168848 0.269947 0.538885 -0.012430 -0.106117 -0.081235 -0.106162 0.556213 -0.238445 -0.015948 -0.144131 0.153931 -0.127021 0.106922 -0.299267 0.039505 -0.190946 -0.158108 0.040667 0.145632 0.030390 -0.237628 0.175820 -0.107335 0.027209 -0.082578 -0.172188 7.000000
4.523936 -1.761804 -2.952517 -2.073348 1.366335 0.529720 -0.165200 -0.564187 0.639516 -0.229813 -0.207282 0.200011 -0.037035 -0.022009 0.332951 0.195833 -0.279034 0.243023 0.365851 0.422579 0.372711 0.192409 -0.022991 0.110611 -0.064386 -0.287064 -0.280199 -0.163572 0.104328 0.122886 0.062697 -0.164268 0.089575 -0.328487 -0.328651 0.122770 0.075689 -0.182208 -0.003449 -0.195741 7.000000
0.953398 2.081509 -1.516102 0.369601 1.354669 -0.535727 0.088985 0.276412 0.289265 -0.989240 0.472112 0.203353 0.302139 0.017647 0.102769 0.427602 -0.154559 -0.033399 -0.007276 0.264189 0.677040 -0.149009 0.113805 0.231758 0.158906 0.148233 -0.015970 0.068268 0.072989 0.126712 0.222731 0.221770 0.143510 0.086814 -0.177709 0.085248 0.094049 0.211573 -0.158034 0.089136 7.000000
1.115825 2.033922 -1.850440 0.478251 0.734014 -0.353681 -0.054823 0.229038 0.257353 -1.134199 0.225448 0.339457 -0.085708 0.186376 0.259170 0.537094 -0.026247 -0.098944 -0.008410 -0.076018 0.601420 -0.192552 -0.016527 -0.089183 0.133555 -0.116115 0.099348 -0.263253 0.022420 -0.171810 -0.152091 0.051235 0.136774 0.038626 -0.240539 0.145225 -0.070246 0.081651 -0.076776 -0.115253 7.000000
1.546773 1.936074 -1.465410 0.654957 1.111556 -0.865970 0.039837 -0.050965 0.411320 -1.119078 0.391097 0.030978 0.029044 0.211783 0.087764 0.448684 -0.368403 -0.131514 0.374716 0.091502 0.611539 -0.050191 -0.023090 0.159214 -0.182466 0.025604 0.072584 0.218599 0.046898 -0.244178 0.032542 0.133044 0.173727 0.151611 -0.139466 -0.065604 0.156802 0.173012 -0.069091 0.037190 7.000000
1.340760 1.986233 -1.324248 0.638719 1.250299 -0.726923 -0.028433 0.039464 0.141023 -0.956652 0.468717 0.010497 -0.299353 0.164542 0.070463 0.945767 -0.472322 0.020034 0.298751 -0.121990 0.476705 -0.226132 0.122752 0.254494 -0.071717 0.193154 0.132456 -0.035355 -0.342685 -0.007056 0.384885 0.249138 0.137443 0.107349 -0.106256 -0.042367 0.303105 -0.153467 -0.188597 0.028615 7.000000
1.619238 1.864714 -0.820217 0.852634 -0.965857 0.606141 -0.119377 0.609075 0.392047 0.191524 -0.527162 -0.019963 -0.798603 0.213653 0.103473 -0.272062 -0.077793 0.535340 0.357979 -0.847843 0.067438 0.204848 -0.060530 0.316966 0.039050 -0.153812 -0.042119 0.208284 -0.208748 -0.182884 -0.002772 -0.219416 0.024150 0.075851 -0.098788 0.145294 -0.150253 0.166948 0.068665 0.130239 8.000000
1.250692 2.045444 -1.206319 0.767596 0.131854 0.625940 -0.004843 0.321935 0.549866 0.188677 -0.152676 0.494221 -0.204896 -0.408469 -0.123740 -0.337567 -0.302909 0.806392 0.254061 -0.864208 0.205521 0.486244 -0.164438 0.274836 -0.109862 0.535640 0.342692 0.181220 0.438829 0.306496 -0.140509 0.464661 -0.095927 0.131357 0.044787 -0.109531 0.021082 -0.103905 0.169066 0.113646 8.000000
1.106304 1.945827 -0.654446 0.824307 -0.353892 1.068884 0.601292 -0.126082 0.337712 0.151527 -0.280856 -0.056796 -0.604451 0.298848 0.100991 0.037870 0.096327 0.712724 0.526010 -0.535472 -0.059731 0.444523 -0.201847 0.234110 -0.245992 -0.155560 -0.384372 -0.242558 -0.263626 -0.127592 -0.007464 0.084724 -0.212870 -0.116492 -0.000065 -0.215796 0.116807 0.156720 -0.084939 0.140219 8.000000
-2.801320 -3.448427 -2.195741 3.541729 -0.631500 1.883307 -0.437757 0.209232 -0.454908 0.079159 -0.993933 -0.657814 -0.580993 0.430116 -0.142527 -0.125410 -0.300398 0.135610 -0.096151 -1.182696 -0.161452 -0.227497 -0.136611 -0.367347 -0.119882 -0.336208 0.160153 0.293930 0.202778 -0.157404 0.375299 -0.377558 -0.223197 -0.078817 -0.137285 0.519599 -0.300521 -0.326698 0.263831 0.006341 8.000000
0.801743 1.811656 -1.260431 0.436714 -0.901830 1.060010 0.038070 0.350328 -0.073000 -0.021736 -0.456506 0.281898 -0.714313 0.260722 0.195921 -0.321449 0.101167 0.304832 0.230553 -0.426318 0.068001 0.212020 -0.170035 -0.005130 -0.080303 -0.172921 -0.109788 -0.044792 -0.019823 -0.342701 -0.140475 -0.168568 0.180099 0.071963 -0.230132 -0.160624 0.100992 0.185601 -0.105283 -0.091212 8.000000
1.250692 2.045444 -1.206319 0.767596 0.131854 0.625940 -0.004843 0.321935 0.549866 0.188677 -0.152676 0.494221 -0.204896 -0.408469 -0.123740 -0.337567 -0.302909 0.806392 0.254061 -0.864208 0.205521 0.486244 -0.164438 0.274836 -0.109862 0.535640 0.342692 0.181220 0.438829 0.306496 -0.140509 0.464661 -0.095927 0.131357 0.044787 -0.109531 0.021082 -0.103905 0.169066 0.113646 8.000000
3.219319 -1.895770 -2.769034 -2.455854 -0.088653 1.465257 -0.094863 0.008870 0.561889 0.861224 -0.068717 -0.005685 -0.836360 0.793345 -0.163352 -0.214868 0.858504 -0.009027 -0.072707 -0.581875 -0.504386 -0.950065 -0.583493 0.040868 0.402272 0.017975 -0.534424 0.279096 0.037709 -0.115091 -0.704121 0.283242 0.368344 0.175417 -0.167625 -0.060408 0.369524 0.122865 0.383937 0.239464 8.000000
-0.299128 1.668782 -0.068214 -0.127051 0.145360 1.093592 0.766194 0.123393 -0.315159 0.396331 0.307827 0.100169 -0.470459 -0.107139 0.463551 -0.314651 0.309968 0.316485 0.478088 -0.001727 -0.263978 0.355002 -0.263734 0.239441 -0.221637 0.250163 0.018830 -0.686717 -0.323108 0.073900 -0.086819 0.198473 -0.081085 -0.071266 0.112100 0.006651 0.122324 0.080076 -0.316787 -0.199824 8.000000
1.992196 1.782520 -0.333402 1.346655 -0.700061 0.871283 0.291922 -0.470213 0.569434 0.061008 -0.759886 -0.467364 -0.724940 0.284462 0.070224 0.143462 -0.003633 0.741078 0.328608 -0.866238 0.215300 0.320306 0.101246 0.047818 -0.133773 -0.328071 -0.283440 0.116377 -0.117407 -0.021390 0.316362 -0.244680 -0.050983 0.055704 -0.044176 -0.085683 -0.118631 0.108554 -0.157693 0.235225 8.000000
-1.104897 1.291112 0.293530 -0.530276 1.526459 0.046314 -0.024280 0.182446 -0.530496 0.167031 0.073625 -0.075864 0.122159 -0.324520 -0.000644 -0.743500 0.585078 -0.191206 0.168571 0.249913 -0.360841 0.062567 -0.103892 -0.316740 -0.453916 0.183510 0.496649 -0.080908 -0.008785 -0.083583 0.036722 0.244071 -0.069827 0.062911 -0.241517 -0.104136 0.654420 -0.034455 0.081395 -0.271939 8.000000
-0.209318 1.429691 -0.866277 -0.335457 -1.006759 1.148928 0.128785 0.073982 -0.819501 0.094081 0.037351 0.091081 -0.692647 0.418007 0.199573 -0.179372 0.109162 0.058171 0.224504 -0.288441 0.040267 -0.049868 -0.305131 0.225231 -0.202367 0.193750 0.029186 -0.567702 -0.475526 -0.346349 -0.201790 0.047904 0.196667 -0.054610 0.067139 0.064264 0.242842 -0.038768 0.000461 -0.186355 8.000000
0.561923 2.378436 0.510398 0.548146 0.506559 0.248355 0.122773 1.076972 1.206440 0.434806 0.379298 -0.021726 0.229377 0.131786 0.585753 -0.140909 0.456424 -0.160602 0.521701 0.609514 -0.312472 0.334459 0.114670 0.256544 -0.074135 -0.075258 0.015744 -0.194831 0.018681 0.079054 0.207151 -0.016695 -0.009957 0.591415 0.290445 0.185985 -0.207655 -0.135906 0.133900 0.229031 9.000000
-0.902756 1.777686 0.239413 -0.543201 0.532891 1.093226 0.237083 0.298317 0.116811 0.379985 -0.052432 0.199921 0.353476 -0.184466 1.046998 -0.609153 0.493298 0.213908 0.381774 0.291869 -0.311838 0.568040 -0.197417 -0.136639 -0.351170 0.034717 0.195069 -0.184201 0.137649 0.090946 0.037469 -0.182846 -0.093577 0.276961 -0.150571 0.088906 -0.137850 0.033416 -0.063162 0.124891 9.000000
1.589461 1.972786 0.106682 1.456464 -0.173509 0.729610 0.969422 -1.132909 1.284910 -0.193030 0.228682 -0.964152 0.498861 -0.252168 -0.275543 -0.174709 0.155246 -0.082571 0.092749 0.229535 -0.139856 0.169743 -0.014847 0.034019 -0.152051 -0.029126 -0.170701 -0.179255 -0.133421 0.045327 -0.148163 0.043371 -0.176659 -0.046913 0.246744 0.046430 0.005992 0.080893 0.100433 0.019670 9.000000
-4.421080 -2.914223 -0.551202 3.006476 1.194434 1.285954 0.306335 0.699554 0.378179 0.763382 0.216359 -0.256346 0.228441 -0.315279 0.614720 -0.222052 0.114456 -0.358137 0.448299 0.289953 -0.383313 0.328484 -0.256375 -0.030484 -0.223070 -0.396850 0.052441 -0.394770 -0.058781 0.078144 0.164419 -0.220350 0.248211 0.242451 -0.222269 0.203711 -0.341203 -0.207673 0.154252 -0.109108 9.000000
1.566124 1.918176 0.107518 1.499347 -0.251471 0.777599 0.961530 -1.224697 1.259419 -0.277089 0.144413 -1.123139 0.459652 -0.470516 -0.326677 -0.249986 0.175276 -0.144539 -0.116376 0.136398 -0.110279 0.012533 0.078166 0.021938 -0.036764 0.016731 -0.270130 -0.190099 -0.031690 0.024610 0.000710 0.012098 0.013215 -0.031350 0.221611 0.116824 -0.013271 -0.005245 -0.090739 -0.082396 9.000000
1.566124 1.918176 0.107518 1.499347 -0.251471 0.777599 0.961530 -1.224697 1.259419 -0.277089 0.144413 -1.123139 0.459652 -0.470516 -0.326677 -0.249986 0.175276 -0.144539 -0.116376 0.136398 -0.110279 0.012533 0.078166 0.021938 -0.036764 0.016731 -0.270130 -0.190099 -0.031690 0.024610 0.000710 0.012098 0.013215 -0.031350 0.221611 0.116824 -0.013271 -0.005245 -0.090739 -0.082396 9.000000
4.264376 -1.192410 -1.043041 -1.558627 1.057186 0.489941 0.155053 -0.180890 1.608793 0.497273 0.508857 -0.096450 -0.297000 0.021037 0.561705 -0.388892 0.397416 -0.200909 0.646268 0.433477 -0.355128 0.294820 -0.091407 0.454794 -0.025973 -0.107518 -0.642063 -0.163888 0.478900 0.298770 0.186097 -0.038969 0.201131 0.191318 0.112482 0.148202 0.028915 0.022997 -0.164020 0.245748 9.000000
1.701532 2.009977 -0.361417 1.518000 0.234985 0.368894 0.315432 -0.753314 1.252342 -0.559454 0.521589 -0.476525 0.577691 -0.577559 -0.212376 -0.147522 0.169762 -0.173207 -0.508296 -0.307451 0.065345 -0.150901 0.036679 0.096235 0.068451 0.294001 0.181910 -0.040847 0.276677 -0.062733 0.141350 0.063082 0.254402 0.318367 -0.019535 -0.031460 -0.028732 -0.098790 0.205320 -0.190058 9.000000
2.021742 1.811293 0.142914 1.734823 -0.206034 0.473486 0.539252 -1.249540 1.235170 -0.460101 0.239471 -1.033068 0.560745 -0.581026 -0.411263 -0.358184 0.070633 -0.059868 -0.436844 -0.241869 -0.062457 -0.220882 -0.040632 -0.070746 0.082691 0.242573 0.092373 0.061593 0.128161 -0.088303 -0.021603 0.128989 0.148890 0.048394 -0.083524 0.029522 0.020450 -0.188133 0.144416 -0.197493 9.000000
2.189436 1.752392 0.372401 1.666607 -0.523357 0.684893 0.922192 -1.508399 1.081459 -0.245047 0.053002 -1.206301 0.426571 -0.134129 -0.501061 -0.305406 -0.172454 0.022891 0.001444 -0.084058 0.101072 -0.045330 -0.115934 -0.067271 0.101090 0.053888 -0.004775 0.076252 -0.106007 0.051367 0.030152 -0.206336 0.053795 -0.086768 0.039177 0.182515 0.058563 0.191394 -0.077187 -0.012316 9.000000
2.228118 1.520601 0.686452 1.688629 -0.239872 0.278102 0.766364 -1.601691 0.788512 -0.449406 0.314328 -1.334647 0.388364 -0.298995 -0.456138 -0.437000 -0.048861 -0.025740 -0.262976 -0.007919 -0.109382 -0.258850 -0.164105 0.044182 0.328449 0.202979 0.125169 0.135107 -0.235215 -0.102088 0.010003 0.301505 0.049956 -0.435004 -0.274173 0.012402 0.153474 -0.122624 -0.047371 0.009931 9.000000
-1.952715 0.416773 -0.663983 -1.201097 -1.539139 0.011188 -0.155108 0.070013 -0.637452 0.533816 0.541749 0.363715 0.519902 -0.396556 -0.574509 -0.115809 0.270682 -0.227752 0.052075 -0.194928 0.162321 -0.077680 0.613020 0.445033 -0.135901 -0.431147 0.033154 -0.303766 0.154297 -0.063629 0.283671 0.268892 0.196017 0.120662 -0.293752 -0.207042 -0.108899 -0.220121 0.018773 0.140983 10.000000
-1.564491 1.089737 -0.665626 -1.287346 -0.054922 0.030166 0.114078 0.084854 -0.657833 0.485960 0.502870 0.281903 0.797939 -0.481399 -0.118620 -0.571858 0.425746 0.117497 0.447591 0.103955 0.189989 -0.172173 0.127627 -0.214470 -0.376243 -0.095708 0.128573 -0.007286 -0.265146 0.045633 0.417330 0.192570 -0.221019 0.130532 -0.394822 -0.097312 0.127244 0.048521 -0.280513 0.156387 10.000000
-0.143541 1.507755 -1.859553 -0.525265 -1.201977 0.948527 0.438578 0.021142 -1.082426 0.395398 -0.181605 0.181040 0.085081 -0.278780 -0.518615 -0.459710 0.100371 -0.140472 0.662129 0.306791 0.142416 -0.022621 0.142082 -0.113689 0.216688 0.111009 0.038189 0.112017 0.074225 0.032679 -0.157648 0.052683 -0.199920 -0.204817 0.165010 -0.065651 0.025693 0.037608 0.103823 0.020140 10.000000
-4.080590 -2.697891 -1.489723 1.802200 -0.700520 0.942908 -0.292088 0.937489 -0.387595 0.654983 0.715436 -0.230759 0.372990 0.046167 0.128297 -0.262298 0.117549 -0.661052 0.376931 -0.089865 0.253494 -0.292599 0.233202 0.035849 -0.108513 -0.028093 0.017520 -0.170544 0.239454 -0.161950 0.453624 0.169367 0.093094 -0.059609 -0.271440 -0.201824 0.104602 -0.411146 0.086983 0.160729 10.000000
-0.246540 1.456823 -1.874644 -0.632142 -1.219644 0.866504 0.226128 0.085713 -1.235669 0.261406 -0.135337 0.161293 0.009677 -0.115963 -0.488341 -0.345542 0.152946 -0.327877 0.529032 0.261358 0.178954 -0.143638 0.147661 -0.085687 0.227510 0.123745 0.011120 0.144298 0.043541 -0.103878 0.167522 -0.031102 0.034169 -0.011935 0.125363 0.042883 0.020125 -0.044283 -0.022235 -0.113071 10.000000
0.347415 1.605975 -2.081196 -0.184370 -1.221642 1.051926 0.389600 -0.029874 -0.927706 0.145702 -0.524613 0.210478 -0.106859 -0.291096 -0.485675 -0.436465 -0.018705 -0.148357 0.614771 0.172849 0.106972 -0.033929 0.180634 -0.151856 0.393891 0.040869 0.031335 0.342128 0.214029 0.004642 0.097896 -0.094572 0.055545 -0.085388 0.199471 0.106458 -0.029810 0.069667 0.010935 -0.117182 10.000000
-0.315447 -0.431976 -1.729344 -2.669351 -0.473446 0.410289 -0.280324 -0.613821 -0.198322 0.483424 0.685327 0.048788 0.585186 0.880399 -1.123272 0.248710 1.034554 -0.639494 0.153858 -0.680462 -0.300094 -1.216706 0.032920 0.327638 -0.675055 -0.120794 0.177063 -0.110836 -0.305552 0.260675 -0.094421 -0.346071 0.076336 0.245039 -0.192472 -0.145986 -0.055639 -0.093467 -0.167723 0.225409 10.000000
-0.170710 1.531513 -1.894138 -0.539107 -1.133673 0.906488 0.351939 0.092183 -1.057511 0.320619 -0.120468 0.273622 0.063762 -0.320542 -0.481286 -0.486570 0.140977 -0.252023 0.578458 0.240353 0.199217 -0.102957 0.118228 -0.101642 0.179667 0.172517 0.058172 0.188409 0.154698 -0.060298 0.165656 -0.002492 -0.023966 -0.033734 0.111078 0.039797 -0.005276 0.022075 -0.104819 -0.069762 10.000000
-0.098364 1.540566 -1.934812 -0.502344 -1.218390 0.949902 0.355107 0.083954 -1.061208 0.293897 -0.209006 0.273260 0.060731 -0.310527 -0.512907 -0.458812 0.078255 -0.214882 0.560012 0.244350 0.208451 -0.110351 0.152663 -0.146154 0.271594 0.160001 0.074913 0.220314 0.200113 -0.036006 0.099594 -0.031122 0.017906 -0.049351 0.147788 0.059582 0.000172 0.001555 -0.046456 -0.108008 10.000000
-0.156741 1.431989 -1.717386 -0.514365 -1.221843 0.968558 0.374770 0.028810 -1.299807 0.260221 -0.185311 0.018738 -0.175070 0.145206 -0.377956 0.032308 -0.039493 -0.289812 0.405917 0.071009 0.235793 -0.041481 0.145400 0.109506 0.614745 0.151065 0.036011 -0.306381 -0.068601 0.143677 0.045491 -0.220400 0.159596 -0.019640 0.130812 0.189602 -0.011595 0.024003 0.267656 -0.150267 10.000000
-0.079426 1.487937 -2.031347 -0.477727 -0.867597 0.714788 0.237991 0.031778 -1.138982 0.198462 -0.196918 0.167833 0.004660 -0.393947 -0.659053 -0.471611 -0.038365 -0.138901 0.614810 0.229072 0.239133 -0.170967 0.097169 -0.154632 0.251198 0.050564 -0.084444 0.171470 0.099180 -0.017773 0.041416 -0.119922 0.014735 -0.067805 0.177743 0.040834 0.007313 0.088396 0.032770 -0.045388 10.000000
-1.541042 -1.535578 -1.143402 -0.184877 -1.751929 -3.388425 0.911943 0.265005 0.485183 -0.133793 -0.180488 0.133012 -0.084696 0.170408 0.049982 -0.057095 -0.096169 0.095299 -0.180713 -0.303560 -0.082200 0.250035 0.004326 0.192542 -0.066683 0.395803 0.041887 -0.125855 -0.151370 0.029690 0.097974 0.235056 0.114912 -0.055085 0.360009 0.213670 -0.236180 -0.097871 -0.250309 -0.056262 11.000000
-1.649893 -0.909013 -0.792850 -0.587329 -1.142960 -3.026076 1.374049 0.064773 0.110227 0.119712 -0.382911 -0.011711 0.228084 -0.075511 0.278331 -0.117193 -0.017414 0.065638 0.072711 -0.089440 -0.005775 -0.000692 -0.110705 -0.093031 0.013353 -0.054950 -0.172327 0.005984 0.086724 -0.088684 0.070065 0.111229 -0.188235 0.173614 0.057946 -0.197951 -0.025839 0.002474 0.167912 0.112495 11.000000
-1.989289 -1.375814 -0.319718 -0.156475 -0.711481 -3.233753 1.467774 0.101166 0.520526 -0.168095 -0.479248 0.185922 -0.368672 -0.413975 0.404871 -0.585225 0.593952 0.276461 -0.021125 0.154645 -0.161797 0.187700 -0.110854 -0.407847 -0.202193 -0.039928 0.049159 0.374680 -0.367881 -0.349531 -0.190397 -0.223863 0.045135 -0.027489 -0.187606 0.210512 0.346948 -0.159894 -0.237806 -0.355547 11.000000
-3.589459 -4.479265 -2.435924 2.539274 -0.192791 -1.502789 0.756792 0.632147 0.057294 -0.187167 0.338288 -0.291658 0.195924 0.045702 0.734489 -0.519211 -0.941051 -0.536384 0.258578 -0.257631 0.302468 0.019038 -0.222261 0.365390 -0.222278 0.038435 0.273006 0.148340 -0.606244 -0.110156 0.074516 0.284537 0.095309 -0.363840 -0.073714 0.357680 0.044566 -0.267758 0.068533 0.373810 11.000000
-1.030273 -0.565920 -0.962747 -0.398017 -1.497335 -2.843002 1.567859 0.413071 -0.137966 0.455398 -0.323856 -0.135828 0.057290 -0.502227 0.093938 -0.259273 -0.972819 -0.350188 0.121834 0.196446 0.220875 -0.189700 -0.139398 0.234880 -0.075486 -0.361853 -0.099823 -0.300865 0.177470 0.385212 -0.164584 -0.165716 -0.035703 0.196467 0.006231 -0.085138 0.007266 0.260700 0.215471 0.257955 11.000000
-2.230660 -1.308973 -0.215994 -0.418820 -1.104452 -3.089171 1.213109 0.098739 0.479288 -0.104343 -0.435039 -0.184311 -0.194207 0.049646 0.177963 -0.091106 0.856018 0.515029 0.215781 0.179026 -0.020735 0.130758 0.007075 -0.572210 0.282238 0.112890 -0.137408 0.209630 -0.208895 -0.110088 0.131957 0.010408 -0.206640 0.114207 -0.290351 -0.061105 0.066603 -0.225552 -0.047574 0.075126 11.000000
-0.710932 -2.390432 -2.174099 -1.701569 -0.733824 -2.603014 0.980856 -0.705927 1.056310 -0.212571 -0.245731 0.000277 -0.124960 1.248600 -0.100134 0.441971 1.050426 -0.152145 0.205730 -0.737089 -0.266669 -0.588150 -0.298965 -0.021210 -0.423339 0.359498 0.539495 -0.237102 0.185183 0.646787 -0.017483 -0.118840 0.148177 -0.176010 0.485811 -0.066463 -0.247719 -0.096508 -0.321489 -0.188765 11.000000
-2.708969 -1.430422 -0.499913 -0.683204 -1.337618 -2.431076 0.466197 -0.245106 0.307386 -0.359296 -0.715133 -0.028651 0.291417 0.633556 -0.398224 0.513529 0.678926 0.453196 0.209654 0.129967 -0.648737 0.145967 0.177224 -0.146760 0.308094 0.532942 -0.537159 -0.135741 0.602430 -0.889171 0.617217 0.103338 -0.175894 0.053892 -0.224409 -0.220085 -0.307980 0.186752 0.048149 -0.160527 11.000000
-1.167169 -0.755503 -1.102468 -0.420661 -1.585216 -2.925330 1.417614 0.200862 -0.046260 0.277246 -0.484771 0.125152 0.163575 -0.449455 0.040085 -0.297830 -0.926453 -0.403334 -0.040587 0.076338 0.006444 -0.215252 -0.148548 0.261468 -0.380002 -0.276524 -0.099638 -0.071220 0.282647 -0.020821 -0.154162 -0.014710 0.082934 0.063796 0.049326 0.052437 0.119211 0.237098 0.120129 -0.026344 11.000000
-2.118086 -0.975027 -0.096301 -0.373627 -1.078580 -2.663395 1.203878 0.214634 0.597654 0.014951 -0.102327 -0.218310 0.053129 0.165527 0.377420 0.160463 0.871013 0.612634 -0.085217 -0.004048 0.395993 0.265747 0.204696 -0.632475 1.361637 0.050359 0.181338 -0.153996 -0.209490 0.782092 0.043883 -0.165955 -0.065431 -0.073566 -0.226503 -0.132746 0.219989 -0.191342 0.383989 0.149438 11.000000
-1.090757 -0.702626 -1.191092 -0.458538 -1.487314 -2.767065 1.300484 0.115584 -0.111807 0.212414 -0.551650 0.238309 0.156311 -0.547309 0.011463 -0.347277 -1.160113 -0.535011 -0.126712 -0.027840 -0.096012 -0.221100 -0.125665 0.409430 -0.552967 -0.297562 -0.123976 -0.039570 0.316564 -0.059101 -0.220858 0.049571 0.136630 0.015060 0.142834 0.066371 0.170838 0.208175 0.086194 -0.133273 11.000000
-2.023707 0.075450 1.945809 -0.717007 -0.784719 -0.057609 0.244578 -0.007662 0.666694 0.257708 0.633042 0.585190 -0.132968 0.027253 -0.026112 0.111832 0.702376 -0.182653 -0.239655 -0.534153 0.365150 0.487256 0.658392 0.100350 0.287753 -0.511625 0.245879 0.118208 0.327306 -0.036426 0.022389 0.084233 -0.034045 -0.158830 0.220825 0.270562 0.069191 0.123630 -0.291090 0.034743 12.000000
-2.961199 -0.839049 1.620200 -0.414194 0.167178 0.341358 0.632247 -0.947085 0.154165 -0.343645 0.093392 0.665985 -0.306759 -0.185507 0.077900 0.183656 0.332824 -0.341565 -0.145426 -0.540134 0.147842 0.536082 0.245999 -0.205685 -0.255682 -0.414836 -0.045512 0.281501 0.228572 -0.006177 0.039625 0.179398 -0.015459 -0.240096 0.063198 0.122328 0.190851 0.087833 -0.005812 -0.033073 12.000000
-1.899065 -0.081033 0.689853 -0.231109 0.432076 0.514449 1.449058 -0.817928 -0.944827 0.532523 0.584187 0.002269 -0.191947 0.304907 0.015881 0.394866 0.053516 -0.457800 -0.796641 -0.416729 0.370160 0.638480 0.188406 0.387476 0.230374 0.194102 -0.190918 -0.181230 -0.115676 0.107763 -0.086736 -0.094340 0.065752 0.231961 0.036619 -0.093193 0.040702 -0.064610 0.035572 -0.046007 12.000000
-4.673077 -3.555238 1.799301 2.486816 0.655748 0.936883 0.246248 0.813406 0.650120 0.094333 -0.286176 -0.033435 -1.233151 0.142835 -0.189476 -0.258213 -0.046158 -0.844513 0.064670 0.197469 0.557886 -0.022377 0.009940 -0.145740 0.432799 0.189944 -0.150830 0.126988 0.079966 0.296806 0.125709 0.272212 0.153512 -0.292196 0.210216 -0.275144 -0.138292 0.355562 -0.453162 0.272655 12.000000
-3.444685 -1.783309 2.354108 1.040617 0.765917 0.582259 0.577890 -0.506463 0.740983 -0.649979 -0.832442 0.835953 -1.409489 -0.095930 -1.041351 -0.188865 0.507523 -0.141524 -0.351488 0.903747 0.493980 -0.157581 -0.459328 0.080812 -0.495708 0.377335 0.220883 -0.417463 0.120580 -0.126782 0.126976 -0.118861 -0.091151 -0.113866 -0.134808 0.132152 -0.065496 -0.044891 0.280924 0.224582 12.000000
-3.444685 -1.783309 2.354108 1.040617 0.765917 0.582259 0.577890 -0.506463 0.740983 -0.649979 -0.832442 0.835953 -1.409489 -0.095930 -1.041351 -0.188865 0.507523 -0.141524 -0.351488 0.903747 0.493980 -0.157581 -0.459328 0.080812 -0.495708 0.377335 0.220883 -0.417463 0.120580 -0.126782 0.126976 -0.118861 -0.091151 -0.113866 -0.134808 0.132152 -0.065496 -0.044891 0.280924 0.224582 12.000000
-1.211026 0.260250 2.010122 -0.804595 -0.253483 0.168203 -0.448874 -0.414961 0.574402 -0.838973 0.632561 0.339367 -0.606901 0.234356 -0.138200 0.255045 0.667683 -0.408720 0.182668 -0.525919 0.182018 0.227790 0.404670 -0.007037 -0.166878 -0.720767 0.330638 0.228749 0.134863 0.047287 0.322578 -0.026695 -0.218230 -0.101945 0.379480 0.405832 0.262842 0.298925 0.083426 -0.159242 12.000000
-1.603340 0.202326 -0.061867 -0.138116 -0.180412 0.916214 1.564613 -0.719471 -1.035688 0.671901 0.170522 0.196646 -0.065990 0.336611 -0.103308 0.120288 -0.051990 -0.485147 -0.734221 0.060362 0.270757 0.517183 -0.184778 0.145823 0.095227 0.180084 -0.384463 0.081272 -0.144706 -0.133259 -0.228992 -0.213910 -0.093842 0.274462 0.030195 -0.245716 -0.023657 -0.162735 -0.194107 -0.067932 12.000000
-1.407981 0.158987 -0.254992 0.008341 -0.090996 0.888392 1.677992 -0.680054 -1.027072 0.655779 0.127534 0.194131 -0.063347 0.365498 -0.052776 0.097558 -0.104815 -0.418281 -0.699482 0.094705 0.255427 0.503182 -0.215494 0.151224 0.211357 0.258558 -0.417134 0.100736 -0.180235 -0.091198 -0.290179 -0.229191 -0.135907 0.285768 -0.010362 -0.272393 -0.048272 -0.144970 -0.081358 -0.052848 12.000000
-2.401497 -0.450247 0.514574 -0.339792 0.143614 0.386934 1.018241 -0.971092 -0.839580 0.335899 0.471755 0.130964 0.014167 0.355600 0.188635 0.464517 0.051716 -0.477963 -0.606464 -0.383151 0.386827 0.660555 0.143027 0.111164 0.001025 -0.157453 -0.149793 -0.057517 0.065536 -0.080214 0.015571 -0.277327 0.278208 0.045650 -0.075950 0.027011 0.204221 -0.103150 0.242577 -0.109852 12.000000
-2.460099 -0.434265 0.530191 -0.404079 -0.306406 0.791942 1.079760 -0.999556 -0.780770 0.476275 0.490445 0.292250 0.112899 0.294362 0.131166 0.421253 0.079667 -0.410985 -0.592303 -0.269462 0.250968 0.729363 0.030795 0.044800 -0.271022 -0.012209 -0.075550 0.097223 0.196347 -0.046622 -0.059690 -0.069321 0.111631 -0.002192 -0.017670 -0.085778 0.043926 -0.088221 0.017588 0.065659 12.000000
0.459748 1.893031 -0.042437 -0.047542 2.588264 -1.044957 0.122401 0.056647 -0.167711 -0.572408 -0.010729 -0.264479 0.115301 0.921100 0.020759 0.706839 0.084056 -0.389057 0.604452 0.520449 -0.297551 0.158470 0.251412 0.093799 -0.094504 -0.040457 -0.123226 0.404671 -0.218865 -0.261696 0.142160 0.222087 -0.208957 0.005315 0.541429 -0.047977 0.166204 -0.191836 0.270084 0.138983 13.000000
-1.075857 1.543144 0.796195 -0.917762 2.485581 -0.635244 -0.504633 0.539180 -0.492047 0.166669 -0.800810 -0.688549 0.201160 0.335827 -0.040809 -0.466110 -0.016989 0.038617 -0.151885 -0.089273 0.133705 0.009253 0.031762 0.026063 0.070768 -0.010959 0.063948 -0.039751 0.141896 -0.034757 0.003515 -0.127786 0.038430 0.003001 -0.018709 0.039210 0.024623 0.055344 -0.046145 0.033256 13.000000
-1.277701 1.385790 0.991820 -1.015584 2.464202 -0.656622 -0.505982 0.503939 -0.523821 0.228004 -0.912349 -0.663839 0.188179 0.283020 -0.115921 -0.509965 -0.096857 0.113238 -0.262394 -0.184482 0.213429 -0.072261 -0.014613 0.028847 0.084580 -0.051649 0.063915 -0.111235 0.131847 0.079436 -0.138917 -0.149881 -0.005999 0.042034 -0.052790 -0.001022 -0.021978 0.076607 -0.042582 -0.001105 13.000000
-3.247977 -2.141215 -0.900136 1.522718 2.647942 -0.642078 0.580063 -0.516955 -0.426740 -0.498361 0.169537 0.077985 0.304502 0.322672 -0.736895 0.235345 0.515744 0.375459 0.068689 0.761049 -0.434572 0.339820 0.568825 0.199366 -0.053012 -0.137444 0.291419 0.576177 -0.300667 -0.172734 -0.339314 0.204297 0.559197 0.258737 0.126969 0.078204 0.118440 0.532906 0.362175 0.381531 13.000000
-1.168765 1.406415 0.996619 -0.886352 2.684618 -0.723048 -0.418590 0.424117 -0.566252 0.187599 -0.950449 -0.661373 0.062596 0.316691 -0.204512 -0.443014 -0.131178 -0.033912 -0.352320 -0.312026 0.078244 -0.085131 0.069564 0.265019 0.069165 0.088673 -0.014185 -0.050664 0.134965 -0.128977 0.174732 0.023928 0.079617 0.089725 -0.008388 0.049955 -0.035278 0.005725 -0.146760 0.028681 13.000000
-1.418018 1.233378 0.955295 -1.137836 2.416341 -0.704396 -0.475763 0.319666 -0.637463 0.157249 -0.953524 -0.675219 0.127568 0.303980 -0.285237 -0.524998 -0.134174 0.116443 -0.173097 -0.228761 0.282177 -0.117460 -0.075502 0.034177 -0.014421 -0.165465 0.053964 -0.082756 0.038110 0.027665 -0.020180 -0.096862 -0.030421 0.156371 0.019001 -0.102347 -0.028417 -0.003157 -0.095323 -0.178355 13.000000
3.915983 -1.406464 -1.598975 -1.526338 2.724740 -0.409641 -0.005011 -0.610244 0.063298 -0.129407 -0.140501 -0.056482 -0.221122 0.421718 0.009059 0.443068 -0.163994 -0.245178 0.768418 0.530831 -0.096530 0.538841 0.110914 0.414783 -0.418831 0.153399 -0.148881 0.524240 0.493570 0.281031 -0.059626 -0.107259 0.039211 -0.505968 0.023066 -0.179590 0.046015 -0.735151 0.123631 -0.395123 13.000000
-0.984583 1.583412 0.659777 -0.881731 2.538497 -0.688396 -0.482519 0.580142 -0.492360 0.169882 -0.719686 -0.631695 0.278608 0.397505 0.001399 -0.335852 -0.004841 0.079595 -0.145230 -0.085093 0.117650 0.048207 0.068561 0.007560 0.098521 0.021226 0.095835 -0.031795 0.164116 0.037213 -0.056525 -0.090299 0.024540 -0.005344 -0.025014 0.085494 0.013035 0.076462 -0.026129 0.078243 13.000000
-0.936468 1.530436 0.585998 -0.863047 2.610165 -0.764174 -0.338110 0.429188 -0.626750 0.101059 -0.718602 -0.698339 0.187409 0.412719 -0.064223 -0.262703 -0.065545 0.015773 -0.089813 -0.146559 -0.029338 0.045550 0.107234 0.135677 0.142761 0.031486 -0.033017 -0.054234 0.047795 -0.008915 0.136775 -0.044039 0.048766 -0.008172 0.031077 0.102848 0.042184 0.061616 -0.069835 0.081091 13.000000
-0.735105 1.692928 0.536181 -0.721452 2.481273 -0.643553 -0.406845 0.471534 -0.461112 0.075988 -0.615957 -0.622674 0.191238 0.448329 0.100873 -0.206246 0.051768 -0.032116 0.057249 0.112279 -0.180288 0.103842 0.045625 -0.015689 0.001489 -0.033167 -0.020039 0.073496 0.072804 -0.109617 -0.002134 -0.075257 0.040709 0.007397 0.032097 0.180806 0.078039 0.021571 0.026469 0.021092 13.000000
-1.278764 1.287055 1.116599 -0.950196 2.683922 -0.771077 -0.277287 0.252264 -0.681043 0.178520 -1.068215 -0.733050 -0.060602 0.366614 -0.339523 -0.265470 -0.283819 0.088017 -0.264548 -0.209043 0.292746 -0.183807 -0.041472 0.125446 0.068662 -0.048254 0.025229 -0.133089 0.162600 0.074267 0.026680 0.034581 -0.063394 0.101278 -0.009957 -0.150077 -0.092911 -0.064232 -0.130629 -0.053904 13.000000
4.781822 -0.121492 1.953437 1.979842 -0.510350 -1.185270 -1.201746 -0.340702 -0.600367 0.625071 0.281407 0.434368 -0.056506 0.240924 0.085657 -0.266244 0.087769 -0.183176 -0.092484 0.022798 -0.003347 -0.050403 -0.207943 0.243408 0.298130 0.131825 -0.176758 0.035046 -0.070525 0.065690 0.004651 0.158224 -0.208861 0.389998 0.014958 0.633927 0.000905 -0.001361 -0.019732 -0.041854 14.000000
4.831682 -0.036238 1.176036 2.056678 -0.418091 -1.298153 -1.239126 -0.949321 -0.745237 0.441338 0.218048 0.363263 0.037546 0.350349 0.189951 -0.378177 0.098907 -0.087208 0.008146 -0.043823 -0.017463 0.099782 -0.041851 0.054891 -0.039776 0.042673 -0.002269 -0.045298 0.009675 0.082986 0.081513 0.087350 -0.169538 0.162312 0.132764 0.209107 -0.055721 0.125438 0.078606 0.022543 14.000000
4.665503 0.108729 1.671368 2.105193 -0.569306 -1.232646 -1.200846 -0.784566 -0.685794 0.552987 0.415164 0.327302 -0.147379 0.451055 0.157020 -0.441789 0.045025 -0.101959 0.023619 0.161866 -0.058868 -0.089168 -0.240376 -0.119726 0.138801 -0.048236 -0.050860 -0.098878 0.017822 -0.012214 -0.059450 0.037643 -0.106946 0.061549 -0.033598 0.110380 0.027434 0.049396 0.023170 -0.025947 14.000000
-0.293389 -2.991248 -1.054492 1.999916 0.324439 -0.723791 -1.098700 -1.802526 -1.125975 -0.057583 -0.499091 1.053717 0.233553 -0.620432 -1.072098 -0.070266 -0.127444 1.845580 -0.292788 0.647799 -0.159276 0.143444 0.710104 0.432832 -0.115562 -0.052911 -0.145096 0.065179 -0.269077 0.334195 -0.194760 -0.264179 0.567273 0.074369 -0.060217 0.294967 -0.169952 -0.318468 -0.300336 0.104078 14.000000
4.249924 0.473871 0.847171 2.203463 -0.396206 -1.194976 -1.353353 -1.127128 -0.385097 0.518813 0.054504 0.058378 -0.103168 0.227714 0.217256 -0.256079 -0.070818 -0.070817 0.082038 0.003369 0.030426 0.011226 0.236471 -0.349832 -0.204486 -0.099583 0.084948 -0.295244 -0.020389 -0.014253 0.062452 -0.129979 0.138884 -0.136306 0.069980 -0.463758 0.065066 0.011431 0.054936 0.080708 14.000000
4.249924 0.473871 0.847171 2.203463 -0.396206 -1.194976 -1.353353 -1.127128 -0.385097 0.518813 0.054504 0.058378 -0.103168 0.227714 0.217256 -0.256079 -0.070818 -0.070817 0.082038 0.003369 0.030426 0.011226 0.236471 -0.349832 -0.204486 -0.099583 0.084948 -0.295244 -0.020389 -0.014253 0.062452 -0.129979 0.138884 -0.136306 0.069980 -0.463758 0.065066 0.011431 0.054936 0.080708 14.000000
7.150546 -2.852991 0.536496 -0.541231 0.262176 -0.507410 -0.734764 -0.208570 1.006983 1.380183 0.531060 -0.009809 -0.384418 0.357603 0.111330 -0.272138 0.242865 -0.537893 -0.076676 0.178685 -0.226589 -0.219211 -0.115681 0.517540 0.409076 0.044179 -0.162792 0.268966 0.218798 0.056563 -0.133652 0.065793 0.025601 0.090136 -0.446333 0.296804 0.036120 0.008790 0.115401 -0.086812 14.000000
4.777794 -0.019130 1.429914 2.012478 -0.257096 -1.358702 -1.219289 -0.903456 -0.796269 0.379545 0.681817 0.629146 -0.301351 0.405731 0.168457 -0.362547 -0.079485 -0.197009 -0.011470 0.121081 0.058561 -0.035156 -0.140763 0.006140 0.149579 0.141615 -0.042572 0.243923 0.184574 -0.028955 -0.017985 0.196542 -0.150248 0.242504 -0.105203 0.277017 -0.046414 -0.000509 -0.086784 -0.100245 14.000000
3.999154 0.678764 0.680104 2.186432 -0.273460 -1.149920 -1.251657 -1.197426 -0.208384 0.474899 0.140729 -0.001877 -0.203229 0.269138 0.175843 -0.252302 -0.231869 -0.095685 0.104286 -0.101705 0.017990 0.041347 0.338428 -0.347162 -0.223230 -0.081685 0.165599 -0.236090 0.020165 -0.054775 0.062700 -0.222811 0.217468 -0.338368 0.135838 -0.598162 0.029623 0.032919 0.085449 0.101717 14.000000
4.537942 0.241841 1.510831 2.098542 -0.304375 -1.271204 -1.056642 -1.075987 -0.584952 0.425125 0.691458 0.462444 -0.241029 0.613795 0.161790 -0.379134 -0.227743 -0.102478 0.012372 0.137632 -0.011491 -0.103662 -0.171995 -0.190807 0.169383 0.106966 0.096681 0.093127 0.041785 -0.051215 -0.124239 0.075956 -0.151457 -0.047072 -0.141001 0.074365 -0.152931 -0.025320 -0.135342 -0.022474 14.000000
4.430432 0.279505 1.244144 2.152631 -0.318087 -1.263331 -1.206626 -1.112631 -0.607870 0.507659 0.398267 0.284350 -0.249294 0.445309 0.197771 -0.327508 -0.122791 -0.163099 0.066413 0.065122 -0.066451 0.008170 0.028261 -0.131026 0.037702 -0.024714 0.075334 -0.056438 0.001434 -0.092785 0.079398 -0.028218 -0.027640 -0.181083 0.023874 -0.223685 -0.087592 0.041751 0.015919 -0.032860 14.000000
0.956692 1.644927 -1.924944 0.387594 -0.070493 -0.064058 -0.143619 0.238202 0.205246 -0.677332 0.112320 0.259947 0.036289 0.308535 0.431868 -0.230617 -0.223822 0.349448 -0.265495 0.008980 0.131890 -0.195506 -0.270692 0.287716 -0.286458 -0.107470 -0.370320 0.299169 -0.643914 -0.088799 0.214262 -0.103372 -0.383354 -0.085868 0.128865 -0.081902 -0.017211 0.031665 0.313689 -0.018093 15.000000
0.143243 1.426718 -0.958599 -0.133322 -2.126614 1.593772 0.053357 -0.062026 -0.305792 -0.524426 -0.979755 0.061472 -0.036405 0.954810 0.672445 0.250422 -0.004778 -0.039665 -0.600582 0.548197 -0.572393 -0.061302 0.167822 0.419165 -0.209587 0.200258 0.109150 -0.063183 -0.086572 0.090561 0.200575 0.540515 -0.063978 -0.107686 -0.073382 0.107408 0.005078 0.043942 -0.260399 -0.133113 15.000000
-0.206356 1.917372 -1.006789 -0.168430 0.127153 0.288844 -0.427640 1.029904 0.339254 -0.250788 0.527406 0.802447 0.488021 -0.253720 0.525057 -0.477328 0.360945 0.247558 -1.004740 0.150901 0.295259 -0.476635 -0.080913 -0.032278 0.019609 0.151020 -0.321331 0.163261 0.030740 -0.056739 0.127212 -0.193967 0.107544 -0.310376 0.340823 0.021936 0.027968 -0.040725 0.043659 0.037176 15.000000
-3.359372 -3.850318 -2.844308 2.641461 0.612841 0.194028 -0.153714 -0.409096 0.023484 -0.571866 0.678759 0.180488 0.239312 -0.062350 -0.672481 0.064805 -0.246255 0.835064 -0.345608 -0.032083 -0.141311 -0.159881 -0.036297 0.408742 -0.026857 0.152248 0.020801 0.196473 0.137027 0.015912 0.089314 -0.386696 -0.647595 0.224320 0.110895 -0.157343 0.307527 0.230624 -0.219229 -0.116885 15.000000
0.950297 1.621618 -1.099746 0.480841 -2.220646 1.370536 -0.007620 0.173325 0.164266 -0.593122 -1.269166 -0.016131 -0.046592 0.598192 0.523383 -0.038703 -0.062759 -0.165815 -0.788490 0.601236 -0.467527 -0.004407 0.363859 -0.025264 -0.111451 -0.262581 0.218462 0.210459 0.086393 0.239476 0.078377 0.176903 0.044751 0.148823 -0.160017 -0.129163 -0.007251 0.028165 -0.048760 0.020212 15.000000
1.227331 2.195065 -0.962383 0.957292 -0.149103 0.227827 -0.427770 0.712267 1.063360 -0.395946 0.316491 0.622846 0.071462 -0.339501 0.265361 -0.231006 0.034473 0.146494 -0.632139 -0.091313 0.382866 -0.304818 -0.061333 0.003492 -0.163398 -0.033406 0.027977 0.232246 0.142511 0.005755 0.191886 -0.369355 -0.100667 0.244085 -0.010097 -0.361072 0.069686 0.058572 0.302025 -0.159613 15.000000
5.129546 -2.440455 -2.096172 -2.345137 1.216718 0.392595 -0.468187 0.258181 1.155245 0.491451 0.085303 0.257058 -0.414593 -0.120465 0.491004 -0.334105 0.007331 0.274765 -0.127660 0.226966 0.253139 0.055505 0.001302 0.226140 -0.022730 -0.125870 -0.507784 0.112866 0.008431 0.343261 0.205712 -0.190026 0.019010 -0.370483 -0.049603 -0.165495 0.194484 0.066349 -0.138976 0.033051 15.000000
-0.351856 1.884922 -0.853433 -0.224340 0.142821 0.318452 -0.414314 1.028337 0.313027 -0.146761 0.539537 0.769735 0.440652 -0.325258 0.520000 -0.520505 0.419648 0.206222 -0.910732 0.175809 0.270545 -0.463714 -0.090547 -0.015807 -0.088802 0.154141 -0.281124 0.125116 0.109185 -0.074823 0.310206 -0.145645 0.108546 -0.176692 0.344109 -0.020230 -0.124904 -0.035365 -0.097104 0.094112 15.000000
1.083880 1.594096 -0.991487 0.567483 -2.248256 1.358829 -0.064507 0.143415 0.220127 -0.604682 -1.358963 -0.052569 -0.108426 0.574701 0.529363 0.006225 -0.116193 -0.193792 -0.807254 0.491344 -0.408046 -0.006205 0.401450 -0.040592 -0.113137 -0.268800 0.300306 0.187373 0.047076 0.251874 0.111693 0.131679 0.077235 0.136072 -0.157119 -0.129080 0.026757 0.032515 -0.046084 0.007340 15.000000
0.965642 1.465240 -1.280283 0.444965 -2.208193 1.299481 0.062365 -0.080627 -0.081802 -0.676280 -1.327974 -0.107169 -0.078600 0.606336 0.517578 -0.053533 -0.169018 -0.212637 -0.676157 0.660006 -0.497632 0.043363 0.287040 0.052439 0.034943 -0.252630 0.227708 0.261833 -0.049404 0.285500 0.077248 0.108529 0.011133 -0.013303 -0.210424 -0.067104 0.135006 0.038184 -0.036588 0.020867 15.000000
-0.679377 1.640515 -0.545286 -0.575662 0.580952 -0.054449 -0.546769 0.951283 -0.056072 -0.247461 0.521807 0.424853 0.259984 -0.278458 0.551395 -0.523123 0.394175 0.280952 -0.828664 0.073867 0.072870 -0.423877 -0.115215 -0.177953 -0.042855 0.037669 -0.300169 0.110044 0.032539 -0.063500 0.130701 -0.212886 0.196064 -0.363573 0.380782 0.187560 -0.019576 0.065732 0.076456 0.088713 15.000000
